-5.58941 2.536031 0.7347573 0.9610652 -0.008766503 -0.2761825
-5.58941 2.536031 0.7347573 0.9614784 -0.01004519 -0.274697
-5.58941 2.536031 0.7347573 0.9618544 -0.01121946 -0.2733315
-5.58941 2.536031 0.7347573 0.9622164 -0.0122981 -0.2720078
-5.58941 2.536031 0.7347573 0.9628071 -0.01384825 -0.2698347
-5.58941 2.536031 0.7347573 0.9635219 -0.01531123 -0.2671911
-5.58941 2.536031 0.7347573 0.9646862 -0.01705428 -0.2628491
-5.610851 2.536064 0.6538253 0.966477 -0.01895283 -0.2560527
-5.661591 2.536163 0.4546866 0.9696597 -0.0215474 -0.243507
-5.701042 2.536263 0.2909051 0.9727525 -0.02372662 -0.2306289
-5.738417 2.536386 0.1244672 0.9762792 -0.0256395 -0.2149922
-5.772615 2.536524 -0.04150704 0.9799885 -0.02716487 -0.1971918
-5.803531 2.536674 -0.2071709 0.9834719 -0.02848665 -0.1788061
-5.833789 2.536848 -0.3894135 0.9868527 -0.02969785 -0.1588707
-5.858035 2.537009 -0.5543082 0.9895559 -0.03069476 -0.1408438
-5.879198 2.537174 -0.7211206 0.9922057 -0.03140384 -0.1205881
-5.896799 2.537336 -0.89169 0.9948531 -0.03174078 -0.09622775
-5.910567 2.53749 -1.089067 0.9977057 -0.03099892 -0.06018683
-5.916365 2.537573 -1.256076 0.9992182 -0.0298513 -0.02591996
-5.91608 2.537603 -1.422736 0.9995338 -0.02844676 0.01108462
-5.909333 2.537572 -1.590839 0.9983974 -0.0268223 0.04983327
-5.895824 2.537479 -1.759981 0.9956665 -0.02513664 0.08953366
-5.869437 2.537284 -1.965015 0.9899615 -0.02309263 0.1394379
-5.840475 2.537066 -2.133076 0.98343 -0.02133163 0.1800291
-5.804133 2.536791 -2.301629 0.975069 -0.01947814 0.2210456
-5.7619 2.536474 -2.464513 0.965167 -0.0177067 0.2610344
-5.708168 2.536085 -2.632597 0.9523835 -0.0159183 0.304487
-5.640358 2.535608 -2.820711 0.9367086 -0.01393764 0.3498324
-5.576352 2.535178 -2.977984 0.9224944 -0.01240636 0.3858111
-5.506392 2.534735 -3.132923 0.9075117 -0.01110331 0.41988
-5.430958 2.534289 -3.285152 0.8920261 -0.009940408 0.4518745
-5.341659 2.533799 -3.449357 0.8737378 -0.008767426 0.4863182
-5.256864 2.533367 -3.592843 0.8564613 -0.007849087 0.5161516
-5.167116 2.532944 -3.733277 0.8378617 -0.007039017 0.5458372
-5.070882 2.532524 -3.872513 0.8173984 -0.006282971 0.5760384
-4.970216 2.532118 -4.007386 0.7959681 -0.005663665 0.6053122
-4.839787 2.531641 -4.16746 0.7685682 -0.004970183 0.6397486
-4.726817 2.531265 -4.296101 0.7455119 -0.004561075 0.6664767
-4.611199 2.530917 -4.41893 0.7222176 -0.004371228 0.6916521
-4.432201 2.530449 -4.593305 0.6850804 -0.004220854 0.7284552
-4.288357 2.530125 -4.720277 0.6541991 -0.004119669 0.7563112
-4.093554 2.529745 -4.876935 0.6126065 -0.004111878 0.7903773
-3.959131 2.529522 -4.975456 0.5838581 -0.004247723 0.8118446
-3.821285 2.529322 -5.069142 0.5547416 -0.004375514 0.8320112
-3.658987 2.529117 -5.170224 0.5202556 -0.004432677 0.8539991
-3.513443 2.528954 -5.253721 0.4900659 -0.004480672 0.8716739
-3.245388 2.528706 -5.387807 0.4327896 -0.004561636 0.9014834
-3.062287 2.528566 -5.465918 0.3923806 -0.004611682 0.9197914
-2.836692 2.528416 -5.552189 0.3454538 -0.004722099 0.9384239
-2.607368 2.52829 -5.627148 0.299062 -0.004868879 0.9542212
-2.433933 2.528209 -5.676504 0.2654639 -0.004968521 0.964108
-2.149891 2.5281 -5.743762 0.2135006 -0.005115147 0.9769295
-1.970856 2.528044 -5.778448 0.1826914 -0.005274458 0.9831561
-1.787602 2.527999 -5.808208 0.153189 -0.00550199 0.9881816
-1.619629 2.527968 -5.830966 0.1280951 -0.005764363 0.9917451
-1.453984 2.527945 -5.849403 0.1049131 -0.006038317 0.9944631
-1.244203 2.527931 -5.867006 0.07715444 -0.006488566 0.996998
-1.069097 2.527928 -5.877671 0.05540404 -0.006902018 0.9984401
-0.8864077 2.527936 -5.884801 0.03360385 -0.007416812 0.9994077
-0.7197708 2.527951 -5.887997 0.01433949 -0.007913798 0.9998659
-0.5112751 2.52799 -5.885545 -0.01175983 -0.008723039 0.9998928
-0.3177162 2.528036 -5.879979 -0.0341498 -0.009499798 0.9993716
-0.1245291 2.528095 -5.870189 -0.05588568 -0.01036884 0.9983833
0.04378713 2.528156 -5.858474 -0.07386774 -0.01116891 0.9972055
0.2843311 2.528259 -5.835863 -0.09945298 -0.01231658 0.994966
0.4512075 2.528338 -5.817012 -0.1164657 -0.01313432 0.9931079
0.64027 2.528436 -5.792075 -0.1354288 -0.01406946 0.9906872
0.8216425 2.528537 -5.764801 -0.1530749 -0.01492104 0.988102
1.078695 2.528687 -5.719828 -0.1782099 -0.01601624 0.9838622
1.245366 2.528787 -5.687645 -0.1932676 -0.01671718 0.9810036
1.441288 2.528907 -5.646369 -0.2102151 -0.01747321 0.977499
1.628976 2.529021 -5.603634 -0.2257878 -0.01817666 0.9740069
1.889232 2.52918 -5.538735 -0.2470638 -0.01921764 0.9688087
2.101469 2.529309 -5.481628 -0.2638242 -0.01996514 0.9643641
2.354013 2.529459 -5.408046 -0.2846704 -0.02076055 0.9584006
2.562389 2.529577 -5.341338 -0.3048139 -0.02116625 0.9521767
2.843644 2.529722 -5.240059 -0.3387116 -0.02140085 0.9406468
3.041061 2.529808 -5.162625 -0.3650618 -0.02117476 0.9307424
3.254716 2.529854 -5.069646 -0.398949 -0.02004578 0.916754
3.479992 2.529824 -4.959303 -0.4398099 -0.0182121 0.8979062
3.752166 2.52966 -4.80349 -0.4967689 -0.01579399 0.8677391
3.960227 2.529462 -4.67033 -0.5390145 -0.01385796 0.8421825
4.1644 2.529204 -4.524828 -0.5803182 -0.01201807 0.8143012
4.394978 2.528851 -4.339376 -0.6267102 -0.01010778 0.7791868
4.572051 2.528551 -4.18373 -0.6601847 -0.008805483 0.7510517
4.72874 2.52828 -4.037937 -0.6874593 -0.008002588 0.7261789
5.044685 2.52774 -3.696293 -0.7470654 -0.007053271 0.6647131
5.193293 2.527503 -3.514804 -0.7737001 -0.006923242 0.6335142
5.326022 2.527306 -3.340255 -0.7959877 -0.006913328 0.6052734
5.455163 2.527133 -3.157665 -0.8164169 -0.007100575 0.5774193
5.574936 2.526986 -2.979969 -0.8333198 -0.007357737 0.5527422
5.714068 2.526851 -2.756017 -0.8538563 -0.008165588 0.5204447
5.808745 2.526803 -2.589149 -0.8697219 -0.009289847 0.4934546
5.924437 2.52681 -2.368347 -0.8909937 -0.01138447 0.4538728
6.003426 2.526877 -2.202278 -0.9069262 -0.01312214 0.4210853
6.069755 2.526984 -2.049383 -0.9207265 -0.01463137 0.389934
6.13373 2.527143 -1.885478 -0.9347942 -0.01620745 0.3548196
6.196063 2.527363 -1.70402 -0.9489611 -0.01778255 0.3148911
6.247766 2.527608 -1.531272 -0.9605576 -0.01931995 0.2774088
6.289868 2.527866 -1.369578 -0.9696604 -0.02076984 0.2435721
6.326425 2.528149 -1.206964 -0.9771509 -0.02224418 0.2113792
6.359958 2.528481 -1.030075 -0.9837133 -0.02389851 0.1781487
6.388865 2.528849 -0.8440007 -0.9889942 -0.02555991 0.1457295
6.418769 2.529351 -0.5958033 -0.9938696 -0.02753156 0.1070757
6.434937 2.529723 -0.4117468 -0.9962735 -0.02884008 0.08128485
6.441071 2.529899 -0.3239981 -0.9977956 -0.03001846 0.05918537
0.2794929 2.606339 -6.600655 -0.01651159 -0.1061487 0.9942132
0.2794929 2.606339 -6.600655 -0.01650975 -0.1061583 0.9942122
0.2794929 2.606339 -6.600655 -0.01650804 -0.1061672 0.9942113
0.2794929 2.606339 -6.600655 -0.01650649 -0.1061753 0.9942104
0.2794929 2.606339 -6.600655 -0.01650508 -0.1061826 0.9942096
0.2794929 2.606339 -6.600655 -0.01650367 -0.10619 0.9942089
0.2794929 2.606339 -6.600655 -0.0165025 -0.1061961 0.9942083
0.2794929 2.606339 -6.600655 -0.01650092 -0.1062044 0.9942074
0.2794929 2.606339 -6.600655 -0.0164994 -0.1062123 0.9942066
0.2794929 2.606339 -6.600655 -0.01649839 -0.1063251 0.9941946
0.2794929 2.606339 -6.600655 -0.01649575 -0.1073885 0.9940803
0.2794929 2.606339 -6.600655 -0.01642176 -0.1102794 0.9937649
0.2794929 2.606339 -6.600655 -0.0164658 -0.1127006 0.9934925
0.2794929 2.606339 -6.600655 -0.01653458 -0.114984 0.9932297
0.2794929 2.606339 -6.600655 -0.01659687 -0.117323 0.9929551
0.2794929 2.606339 -6.600655 -0.01665269 -0.1197693 0.9926621
0.2794929 2.606339 -6.600655 -0.01668672 -0.1242102 0.9921156
0.2794929 2.606339 -6.600655 -0.01666115 -0.127183 0.9917393
0.2794929 2.606339 -6.600655 -0.01672886 -0.131878 0.9911248
0.2794929 2.606339 -6.600655 -0.01680475 -0.1352131 0.990674
0.2792132 2.721786 -6.584392 -0.01697654 -0.1395101 0.9900751
0.2787932 2.890025 -6.56021 -0.01717209 -0.1432187 0.9895421
0.2783646 3.054935 -6.535884 -0.01738182 -0.1468721 0.9890028
0.2779095 3.222626 -6.510478 -0.01764717 -0.1508207 0.9884036
0.2774373 3.388923 -6.484565 -0.01792195 -0.1550858 0.9877384
0.2768791 3.5733 -6.454781 -0.01839034 -0.1609742 0.9867873
0.2763426 3.73822 -6.427008 -0.01886902 -0.1679824 0.9856094
0.2757556 3.903339 -6.39771 -0.01943626 -0.1772165 0.9839799
0.2750897 4.070209 -6.366022 -0.02018581 -0.1901319 0.981551
0.2742328 4.252677 -6.327701 -0.02107428 -0.2114856 0.9771539
0.2733303 4.414979 -6.289637 -0.02187587 -0.2343856 0.9718975
0.2722702 4.576246 -6.247308 -0.02268032 -0.2607389 0.9651429
0.2703103 4.815495 -6.174872 -0.02414259 -0.3050789 0.952021
0.2684512 4.991402 -6.11272 -0.02551627 -0.3429807 0.9389958
0.2664467 5.146291 -6.051069 -0.02680335 -0.3792104 0.9249222
0.2640687 5.298894 -5.982932 -0.02784645 -0.4177703 0.9081259
0.2612409 5.45244 -5.905848 -0.02840487 -0.4593748 0.8877882
0.2581329 5.598948 -5.823405 -0.02842143 -0.5011291 0.8649057
0.254253 5.760887 -5.720144 -0.02756637 -0.5495636 0.8349969
0.250674 5.899195 -5.621497 -0.02611779 -0.5912699 0.8060507
0.2471051 6.032376 -5.515851 -0.02408648 -0.6315649 0.7749489
0.2420625 6.218334 -5.348848 -0.0209724 -0.6858432 0.7274471
0.2382753 6.356607 -5.207282 -0.0187594 -0.7248978 0.688601
0.2337497 6.520743 -5.018806 -0.01624264 -0.7680213 0.6402183
0.2295363 6.672925 -4.820546 -0.01405162 -0.8052059 0.5928289
0.2265098 6.781173 -4.663174 -0.0126187 -0.8297441 0.5580013
0.2239751 6.870634 -4.522563 -0.01154173 -0.8481716 0.5295959
0.2203507 6.996446 -4.30654 -0.01013148 -0.871527 0.4902428
0.2180036 7.076309 -4.157343 -0.009306851 -0.8848596 0.4657648
0.2153623 7.164598 -3.979998 -0.008438669 -0.8983828 0.4391324
0.2131912 7.236055 -3.827153 -0.007779545 -0.9082792 0.4182921
0.211075 7.304346 -3.672422 -0.007213805 -0.9169586 0.3989173
0.2089878 7.369952 -3.515332 -0.00671742 -0.9246077 0.3808616
0.2069404 7.432341 -3.357899 -0.006288304 -0.9312764 0.3642593
0.2047524 7.496339 -3.187648 -0.005898821 -0.9375471 0.3478082
0.2027169 7.553608 -3.027773 -0.005567569 -0.9426618 0.3337033
0.2007032 7.608238 -2.86827 -0.005266497 -0.9471346 0.3207931
0.197731 7.685524 -2.630534 -0.004866167 -0.9528214 0.3034925
0.1954694 7.741812 -2.447868 -0.004592475 -0.9565367 0.2915756
0.1934532 7.790433 -2.283897 -0.004370361 -0.9594483 0.281851
0.1914945 7.836331 -2.123631 -0.004172207 -0.9619667 0.2731349
0.1895324 7.88108 -1.962178 -0.003989642 -0.9642209 0.2650699
0.187256 7.931518 -1.773747 -0.003795437 -0.9665486 0.2564551
0.1853047 7.973684 -1.611415 -0.003644158 -0.9683116 0.2497183
1.66752 1.491309 -18.75915 -0.05154436 -0.006197915 0.9986514
1.66752 1.491309 -18.75915 -0.05160938 -0.005691633 0.9986511
1.66752 1.491309 -18.75915 -0.051669 -0.005227229 0.9986506
1.66752 1.491309 -18.75915 -0.05172423 -0.004797106 0.9986499
1.66752 1.491309 -18.75915 -0.05177545 -0.004398076 0.9986491
1.66752 1.491309 -18.75915 -0.05182857 -0.003984117 0.998648
1.66752 1.491309 -18.75915 -0.05187115 -0.003652227 0.9986471
1.66752 1.491309 -18.75915 -0.05192732 -0.003214477 0.9986457
1.66752 1.491309 -18.75915 -0.05196121 -0.002950225 0.9986448
1.66752 1.491309 -18.75915 -0.05199419 -0.002693184 0.9986438
1.66752 1.491309 -18.75915 -0.05202238 -0.002473368 0.9986429
1.66752 1.491309 -18.75915 -0.05206038 -0.00217697 0.9986416
1.66752 1.491309 -18.75915 -0.05208357 -0.001996167 0.9986407
1.657799 1.490962 -18.57283 -0.05210688 -0.001814261 0.9986399
1.649036 1.490676 -18.40492 -0.05212603 -0.001664958 0.9986391
1.640175 1.490411 -18.23521 -0.05214378 -0.001526503 0.9986384
1.631317 1.490168 -18.0656 -0.05216005 -0.001399634 0.9986377
1.621875 1.489931 -17.88487 -0.05217592 -0.001275858 0.9986371
1.613058 1.489729 -17.71616 -0.05218944 -0.001170371 0.9986365
1.604193 1.489543 -17.54656 -0.0522019 -0.001073111 0.9986359
1.595328 1.489372 -17.37699 -0.05221333 -0.0009839518 0.9986355
1.586444 1.489215 -17.20711 -0.05222382 -0.0009020547 0.998635
1.576786 1.48906 -17.02244 -0.05223426 -0.0008205876 0.9986345
1.568079 1.488932 -16.856 -0.05224284 -0.0007536446 0.9986341
1.559302 1.488813 -16.68825 -0.05225078 -0.0006916858 0.9986337
1.550427 1.488703 -16.51864 -0.05225815 -0.0006342092 0.9986334
1.540545 1.488591 -16.32981 -0.05226565 -0.0005756677 0.998633
1.531618 1.488499 -16.15927 -0.05227181 -0.0005275756 0.9986327
1.522726 1.488415 -15.9894 -0.05227743 -0.0004836713 0.9986325
1.513783 1.488338 -15.81857 -0.05228262 -0.000443202 0.9986323
1.505047 1.488268 -15.65174 -0.05228727 -0.0004069665 0.998632
1.494766 1.488194 -15.45539 -0.05229227 -0.000367935 0.9986318
1.485965 1.488136 -15.28733 -0.05229615 -0.0003376391 0.9986315
1.477096 1.488082 -15.11798 -0.05229974 -0.0003096308 0.9986314
1.468116 1.488033 -14.94651 -0.05230306 -0.0002836326 0.9986312
1.457987 1.487982 -14.75313 -0.05230649 -0.0002568414 0.9986311
1.449035 1.487941 -14.58222 -0.05230924 -0.0002353468 0.9986309
1.440241 1.487907 -14.41435 -0.05231172 -0.000179637 0.9986308
1.431519 1.4879 -14.2479 -0.05235028 5.166252E-05 0.9986288
1.414967 1.488166 -13.93322 -0.05264209 0.001317679 0.9986126
1.406169 1.488504 -13.76677 -0.05283063 0.002279825 0.9986009
1.392747 1.489386 -13.51443 -0.05326516 0.004163296 0.9985718
1.383648 1.490279 -13.34471 -0.05362259 0.005633097 0.9985454
1.373253 1.491625 -13.15247 -0.05412132 0.007458722 0.9985065
1.364155 1.493088 -12.98566 -0.05458119 0.009205562 0.9984669
1.354985 1.494851 -12.81924 -0.05518056 0.01105572 0.9984152
1.340983 1.498154 -12.56965 -0.05644124 0.01430216 0.9983035
1.329397 1.501447 -12.36739 -0.0574103 0.0168554 0.9982083
1.319503 1.504574 -12.19702 -0.05814804 0.01879997 0.9981309
1.309726 1.507927 -12.03069 -0.05884458 0.02054088 0.9980558
1.299762 1.511582 -11.86316 -0.05952359 0.02218796 0.9979803
1.289661 1.515517 -11.69519 -0.06018441 0.02377485 0.9979041
1.277649 1.520481 -11.49792 -0.06093562 0.02552137 0.9978154
1.267398 1.524913 -11.33126 -0.0615108 0.02685897 0.997745
1.257078 1.529544 -11.16495 -0.06203778 0.02808478 0.9976786
1.241428 1.536875 -10.91554 -0.06288859 0.02995025 0.9975711
1.228947 1.542982 -10.71915 -0.06354299 0.0313476 0.9974867
1.21823 1.548374 -10.55192 -0.06404816 0.03242654 0.9974198
1.207293 1.554019 -10.38254 -0.06451747 0.0335019 0.997354
1.196267 1.55984 -10.21311 -0.06502012 0.03452533 0.9972865
1.184132 1.566396 -10.02808 -0.06552236 0.03558691 0.9972163
1.172984 1.572534 -9.859229 -0.06593983 0.03646946 0.9971569
1.161049 1.579227 -9.679738 -0.0664226 0.03740552 0.9970902
1.149918 1.585573 -9.513566 -0.06690154 0.03830471 0.9970241
1.131086 1.59655 -9.235637 -0.06791427 0.03992211 0.9968921
1.119145 1.603658 -9.061812 -0.06870078 0.04105992 0.996792
1.107571 1.610651 -8.895685 -0.0697028 0.04226636 0.996672
1.095823 1.617846 -8.729592 -0.07076432 0.04348017 0.996545
1.075469 1.630513 -8.448099 -0.0727076 0.04551433 0.9963142
1.06309 1.638326 -8.280465 -0.07385179 0.04672248 0.9961742
1.050525 1.646328 -8.112857 -0.07493623 0.04783105 0.9960405
1.037908 1.654433 -7.946819 -0.07592198 0.04887538 0.9959152
1.017265 1.66784 -7.679456 -0.07734507 0.05043832 0.9957277
1.004249 1.676372 -7.513187 -0.07813493 0.05130598 0.9956217
0.9844126 1.689478 -7.262765 -0.0792044 0.05248097 0.9954759
0.9708672 1.698489 -7.093578 -0.07985308 0.05319374 0.9953863
0.9554031 1.708833 -6.90205 -0.08052461 0.05393171 0.9952925
0.9418634 1.71793 -6.735535 -0.08105508 0.05451472 0.9952177
0.9280318 1.72726 -6.566495 -0.08154931 0.05505794 0.9951474
0.9141023 1.736689 -6.397233 -0.08200302 0.05555667 0.9950824
0.8915612 1.752012 -6.125189 -0.08265558 0.05627406 0.9949881
0.8773564 1.761702 -5.954769 -0.08301958 0.05667425 0.994935
0.8632059 1.77138 -5.7857 -0.08335046 0.05703806 0.9948866
0.8422937 1.785721 -5.536982 -0.08378766 0.05751882 0.9948222
0.8267149 1.796433 -5.352503 -0.08407848 0.05783861 0.9947791
0.8126716 1.806106 -5.186708 -0.08431666 0.05810055 0.9947437
0.7985248 1.815865 -5.02014 -0.08453642 0.05834222 0.9947109
0.7773416 1.830505 -4.771478 -0.08483139 0.0586666 0.9946667
0.7621769 1.841003 -4.593971 -0.08502034 0.05887442 0.9946383
0.7479823 1.850841 -4.428152 -0.08518169 0.05905187 0.9946139
0.7336891 1.860757 -4.261483 -0.0853306 0.05921565 0.9945915
0.7123265 1.875595 -4.012884 -0.0855303 0.05943531 0.9945612
-2.818876 2.297334 -10.6319 0.9372612 0.3481698 -0.01786314
-2.818876 2.297334 -10.6319 0.9372514 0.3482074 -0.01764569
-2.818876 2.297334 -10.6319 0.9372436 0.3482375 -0.01747179
-2.818876 2.297334 -10.6319 0.9372363 0.3482647 -0.01731386
-2.818876 2.297334 -10.6319 0.9372296 0.34829 -0.0171675
-2.818876 2.297334 -10.6319 0.9372226 0.3483163 -0.01701539
