21.75835 7.09104 -10.8625 -0.04272475 -0.05408812 0.9976217
21.75835 7.09104 -10.8625 -0.04272 -0.05408707 0.997622
21.75835 7.09104 -10.8625 -0.04271714 -0.05408645 0.9976221
21.75835 7.09104 -10.8625 -0.04271446 -0.05408586 0.9976223
21.75835 7.09104 -10.8625 -0.04271204 -0.05408532 0.9976224
21.75835 7.09104 -10.8625 -0.0427088 -0.05408461 0.9976226
21.75835 7.09104 -10.8625 -0.04270682 -0.05408417 0.9976227
21.75835 7.09104 -10.8625 -0.04270504 -0.05408378 0.9976228
21.75835 7.09104 -10.8625 -0.04284991 -0.05412012 0.9976146
21.75835 7.09104 -10.8625 -0.0448522 -0.05422489 0.9975209
21.75835 7.09104 -10.8625 -0.0532123 -0.05412902 0.9971151
21.75835 7.09104 -10.8625 -0.06220362 -0.05362622 0.9966218
21.75835 7.09104 -10.8625 -0.07391794 -0.052831 0.995864
21.75835 7.09104 -10.8625 -0.08689876 -0.05184738 0.994867
21.75835 7.09104 -10.8625 -0.1004772 -0.05078619 0.9936423
21.75835 7.09104 -10.8625 -0.1153917 -0.04976847 0.9920725
21.75835 7.09104 -10.8625 -0.1412039 -0.04837107 0.9887981
21.75835 7.09104 -10.8625 -0.1613385 -0.04743297 0.9857586
21.75835 7.09104 -10.8625 -0.1933288 -0.04603525 0.9800534
21.75835 7.09104 -10.8625 -0.2162247 -0.04507587 0.9753025
21.75835 7.09104 -10.8625 -0.2398629 -0.04415783 0.969802
21.75835 7.09104 -10.8625 -0.2639924 -0.04331492 0.9635516
21.75835 7.09104 -10.8625 -0.299881 -0.0420923 0.9530476
21.91932 7.090889 -10.80844 -0.3241369 -0.04127491 0.9451093
22.15375 7.090658 -10.72154 -0.3587617 -0.04019171 0.9325635
22.31104 7.090497 -10.65766 -0.3817017 -0.03956652 0.9234383
22.53976 7.090264 -10.55665 -0.414519 -0.03885981 0.9092106
22.69285 7.090111 -10.48358 -0.4356894 -0.0384887 0.8992738
22.84161 7.089967 -10.40842 -0.4652868 -0.03811907 0.8843388
22.84161 7.089967 -10.40842 -0.4850971 -0.03806369 0.8736315
22.84161 7.089967 -10.40842 -0.5148103 -0.03826508 0.8564498
22.84161 7.089967 -10.40842 -0.5440482 -0.038548 0.838168
22.79384 7.086678 -10.33842 -0.5632007 -0.03878035 0.8254097
22.69571 7.080048 -10.1997 -0.58158 -0.03906818 0.8125505
22.59568 7.073436 -10.06455 -0.5986984 -0.03936557 0.8000066
22.49386 7.066837 -9.932762 -0.6229149 -0.03983832 0.7812746
22.49386 7.066837 -9.932762 -0.6378745 -0.04018599 0.7690912
22.49386 7.066837 -9.932762 -0.6572971 -0.04069824 0.7525318
22.49386 7.066837 -9.932762 -0.6740467 -0.04115066 0.7375416
22.49386 7.066837 -9.932762 -0.6839852 -0.04142404 0.7283188
22.49386 7.066837 -9.932762 -0.6971935 -0.04179338 0.7156637
22.43424 7.063284 -9.8729 -0.7050641 -0.04201683 0.7078978
22.31584 7.056256 -9.755801 -0.7120911 -0.04221857 0.7008165
22.19526 7.049132 -9.638783 -0.7185391 -0.04240559 0.6941926
22.02059 7.045584 -9.702254 -0.7270596 -0.0426556 0.685248
21.90482 7.045577 -9.826499 -0.7322053 -0.04280822 0.6797374
21.79089 7.045569 -9.950471 -0.736702 -0.04291071 0.6748548
21.67868 7.045563 -10.07375 -0.7393827 -0.0425403 0.6719401
21.56676 7.045559 -10.19725 -0.7405804 -0.04195182 0.670657
21.39708 7.045553 -10.38461 -0.740334 -0.04116999 0.6709774
21.22886 7.045547 -10.56955 -0.7383417 -0.04077137 0.6731933
21.11421 7.045544 -10.69464 -0.7358717 -0.04082768 0.675889
21.06094 7.048963 -10.87475 -0.7323221 -0.04105835 0.6797194
21.07186 7.059389 -11.23009 -0.7260422 -0.04168575 0.6863856
21.19349 7.066476 -11.34618 -0.7216598 -0.04227653 0.6909557
21.31352 7.073619 -11.46218 -0.7173406 -0.04292184 0.6953993
21.31487 7.077302 -11.58208 -0.7129758 -0.04359667 0.699832
21.19517 7.077317 -11.70288 -0.7085318 -0.04432395 0.7042855
21.07472 7.077335 -11.82285 -0.7037563 -0.04528209 0.7089969
20.95471 7.07736 -11.94067 -0.6984654 -0.0464737 0.7141332
20.83146 7.077394 -12.05974 -0.6925009 -0.04795266 0.7198215
20.71064 7.077436 -12.17454 -0.6864893 -0.04955497 0.7254493
20.47283 7.068943 -12.16668 -0.6805269 -0.05114825 0.7309357
20.23306 7.060119 -12.15689 -0.6748871 -0.0526952 0.7360371
19.99285 7.051033 -12.14538 -0.6696688 -0.05411685 0.7406856
19.75356 7.041756 -12.13235 -0.6648717 -0.05541575 0.7448992
19.51387 7.032254 -12.11787 -0.6604387 -0.05660935 0.7487431
19.27666 7.022661 -12.10223 -0.6563663 -0.05769294 0.7522332
18.92226 7.00807 -12.07655 -0.6504398 -0.05868655 0.7572871
18.68292 6.998128 -12.05763 -0.6463961 -0.05891859 0.7607237
18.57356 6.988112 -11.92788 -0.6422931 -0.05891477 0.7641915
18.465 6.978118 -11.7976 -0.6380202 -0.05880341 0.767771
18.35722 6.968152 -11.66682 -0.6338385 -0.05866366 0.7712375
18.19965 6.95352 -11.4731 -0.628019 -0.058392 0.7760043
18.04353 6.938974 -11.27838 -0.6227672 -0.05808474 0.7802482
17.88867 6.924529 -11.08266 -0.6177957 -0.05760238 0.784226
17.71738 6.914834 -11.00168 -0.6145637 -0.05712892 0.7867959
17.4792 6.905222 -10.97188 -0.6114753 -0.05654912 0.7892402
17.17951 6.895923 -10.99237 -0.6067675 -0.05516731 0.7929626
17.04683 6.89593 -11.09325 -0.6035554 -0.05397613 0.7954919
16.84462 6.895931 -11.24541 -0.5989036 -0.0521549 0.799121
16.70844 6.895926 -11.34688 -0.5959796 -0.05097434 0.8013801
16.57186 6.895919 -11.44792 -0.5932904 -0.04985585 0.8034432
16.48515 6.90006 -11.61701 -0.5908173 -0.04883001 0.8053263
16.44804 6.908222 -11.8542 -0.5885156 -0.0478898 0.8070663
16.41061 6.916165 -12.08929 -0.5863892 -0.04703484 0.8086628
16.37297 6.923891 -12.32188 -0.5843968 -0.0462218 0.8101506
16.31549 6.93523 -12.67056 -0.5815614 -0.04507393 0.8122529
16.11192 6.935207 -12.81566 -0.5790318 -0.04406364 0.8141133
15.97381 6.935192 -12.91358 -0.5774326 -0.04337669 0.8152853
15.83494 6.935177 -13.01164 -0.5759575 -0.04274409 0.8163614
15.53468 6.928147 -13.01916 -0.5740056 -0.04190838 0.8177782
15.29808 6.921076 -12.97756 -0.5728119 -0.04139807 0.8186408
15.06411 6.914162 -12.93608 -0.5717279 -0.04093517 0.8194215
14.828 6.907259 -12.89391 -0.5707228 -0.04050647 0.8201431
14.48017 6.89721 -12.83129 -0.5693911 -0.039939 0.8210961
14.24827 6.890582 -12.78922 -0.568592 -0.03959889 0.8216661
13.90061 6.880744 -12.72576 -0.5675134 -0.03914021 0.8224334
13.73442 6.874129 -12.63423 -0.5668546 -0.03886032 0.8229008
13.63828 6.867565 -12.4945 -0.5662504 -0.03860378 0.8233287
13.49686 6.857973 -12.28859 -0.5654507 -0.03826439 0.823894
13.40094 6.851519 -12.14866 -0.5648444 -0.03791066 0.8243261
13.30507 6.845169 -12.00851 -0.5639942 -0.03714668 0.8249428
13.16435 6.836176 -11.80211 -0.5623699 -0.03530071 0.8261319
13.07003 6.830482 -11.66315 -0.5608994 -0.03332707 0.8272129
12.9303 6.822931 -11.45598 -0.5577527 -0.02836513 0.8295224
12.65092 6.816926 -11.34018 -0.5537931 -0.02124373 0.8323833
12.41997 6.813971 -11.29318 -0.5510734 -0.016164 0.8343002
12.18704 6.811798 -11.245 -0.5485355 -0.01138554 0.8360498
11.84107 6.809903 -11.17216 -0.5450857 -0.005291576 0.8383637
11.60634 6.809033 -11.12178 -0.5422084 -0.004976415 0.8402293
11.37389 6.807284 -11.07078 -0.5378957 -0.01271045 0.8429156
11.14399 6.803411 -11.01888 -0.5322948 -0.02755768 0.8461104
10.9127 6.796546 -10.96499 -0.5256864 -0.0469147 0.8493838
10.68375 6.786248 -10.90994 -0.5184456 -0.06955898 0.8522768
10.45119 6.771612 -10.85231 -0.5106239 -0.09582441 0.8544477
10.21911 6.752383 -10.79323 -0.5024879 -0.1242968 0.8556029
9.989938 6.728537 -10.73365 -0.4947141 -0.1538956 0.855321
9.648844 6.683571 -10.64376 -0.48489 -0.1995409 0.8515075
9.421309 6.647032 -10.58386 -0.4797498 -0.230181 0.846674
9.19668 6.605787 -10.52553 -0.4762148 -0.2599585 0.8400244
8.970747 6.559208 -10.46829 -0.4739605 -0.2885882 0.8319125
8.633438 6.480711 -10.38619 -0.4717295 -0.328041 0.81845
8.299545 6.393258 -10.30965 -0.4708948 -0.3631848 0.8039621
8.077574 6.330221 -10.26158 -0.470546 -0.3842564 0.7943133
7.854437 6.263276 -10.21547 -0.4700888 -0.4035574 0.7849573
7.520607 6.157206 -10.1504 -0.4695213 -0.4284551 0.7719948
7.298819 6.083485 -10.10955 -0.4695983 -0.4414935 0.7645659
7.074625 6.007159 -10.06991 -0.470655 -0.4502284 0.7588006
6.850213 5.930002 -10.03155 -0.4732948 -0.4530321 0.7554826
6.627685 5.853964 -9.994343 -0.477468 -0.4492098 0.755139
6.406811 5.780175 -9.957716 -0.4830098 -0.4388803 0.7576844
6.180991 5.707562 -9.920035 -0.4892583 -0.422761 0.7628233
5.846999 5.606779 -9.863005 -0.4982673 -0.392663 0.7730107
5.704341 5.606777 -9.954988 -0.5036549 -0.368865 0.781198
5.49396 5.606708 -10.09014 -0.5091576 -0.3298138 0.7949725
5.350797 5.606565 -10.18137 -0.5113237 -0.3021508 0.8045204
5.207309 5.606327 -10.27203 -0.5123777 -0.2744463 0.813725
5.064422 5.605985 -10.36139 -0.5123609 -0.2467937 0.8225443
4.922616 5.605542 -10.44908 -0.5115567 -0.2197659 0.83067
4.779389 5.605007 -10.53669 -0.5103078 -0.1940797 0.8378061
4.6368 5.604411 -10.62298 -0.5087069 -0.1703227 0.8439239
4.491027 5.603749 -10.71027 -0.5065899 -0.1473732 0.8494986
4.430522 5.625231 -10.94179 -0.503677 -0.1252161 0.8547692
4.368911 5.643071 -11.17358 -0.5001934 -0.1042732 0.8596125
4.306989 5.657346 -11.40247 -0.4965284 -0.08500523 0.8638481
4.244474 5.668468 -11.62948 -0.492705 -0.06727629 0.8675919
4.17965 5.676883 -11.86054 -0.4885641 -0.05041388 0.8710704
4.114269 5.682547 -12.08921 -0.4842636 -0.034934 0.8742244
4.014976 5.686498 -12.42851 -0.4778011 -0.01413182 0.8783544
3.912478 5.685695 -12.769 -0.4708826 0.003963171 0.882187
3.841537 5.682971 -12.9983 -0.4649502 0.01319275 0.8852385
3.770085 5.679334 -13.22291 -0.4575174 0.01783373 0.8890218
3.69581 5.675642 -13.4488 -0.4485731 0.01699403 0.8935845
3.580929 5.672177 -13.78314 -0.4341131 0.005536997 0.9008414
3.500633 5.672538 -14.00716 -0.4247395 -0.007925382 0.9052809
3.417449 5.842078 -14.22566 -0.4161732 -0.0216978 0.9090264
3.330903 6.015141 -14.44294 -0.4081547 -0.03444608 0.9122627
3.242455 6.189061 -14.65616 -0.4007663 -0.04607343 0.9150211
3.040423 6.443066 -14.81814 -0.3905822 -0.06096108 0.9185474
2.880004 6.612144 -14.873 -0.3840324 -0.06936424 0.9207104
2.718147 6.781814 -14.92579 -0.3778755 -0.07681244 0.9226646
2.555278 6.951696 -14.97657 -0.3721606 -0.08361477 0.9243944
2.392042 7.121191 -15.02533 -0.3669071 -0.08983701 0.9259096
2.172258 7.105443 -14.92988 -0.3620743 -0.09553529 0.9272406
1.955217 7.088936 -14.83443 -0.3573926 -0.1010649 0.9284699
1.63137 7.062267 -14.68976 -0.3500666 -0.1109641 0.9301292
1.413333 7.0428 -14.59088 -0.3452916 -0.1179262 0.931057
1.199786 7.0226 -14.49298 -0.3409357 -0.1243649 0.9318241
0.9849908 7.001214 -14.39352 -0.3368867 -0.130355 0.9324778
0.7701995 6.978837 -14.29317 -0.3331503 -0.1358589 0.9330344
0.4501329 6.943813 -14.14212 -0.3281163 -0.1432389 0.9337143
0.132724 6.907289 -13.99073 -0.3236957 -0.1496864 0.9342458
-0.1840172 6.86926 -13.83825 -0.319723 -0.1553562 0.934688
-0.5000278 6.829894 -13.68472 -0.3156577 -0.1604446 0.93521
-0.6871252 6.816427 -13.65956 -0.3130685 -0.1635392 0.9355443
-0.846939 6.816627 -13.71269 -0.310703 -0.1663607 0.9358354
-1.008341 6.816816 -13.76595 -0.3085099 -0.1689716 0.9360931
-1.166724 6.816992 -13.81785 -0.3065348 -0.1713189 0.9363152
-1.404473 6.817235 -13.89517 -0.3038665 -0.1744839 0.9366005
-1.566064 6.817389 -13.94734 -0.3022363 -0.1764142 0.9367664
-1.726024 6.81753 -13.99872 -0.3006877 -0.178165 0.9369333
-1.884794 6.817661 -14.04943 -0.2989754 -0.1797589 0.9371768
-2.046493 6.817786 -14.10069 -0.2967661 -0.1811749 0.9376063
-2.20876 6.817904 -14.15158 -0.2935782 -0.1817612 0.938496
-2.369536 6.818011 -14.2013 -0.2895654 -0.1817293 0.939748
-2.576683 6.787863 -14.09297 -0.2849592 -0.1813506 0.941228
-2.886337 6.742822 -13.92839 -0.2773539 -0.1802159 0.9437145
-3.09349 6.712773 -13.81638 -0.2720482 -0.1791129 0.9454672
-3.400814 6.668448 -13.64729 -0.2638449 -0.176659 0.9482497
-3.706527 6.625082 -13.47507 -0.2545238 -0.1717786 0.9516878
-3.914954 6.596197 -13.35515 -0.2481027 -0.1674979 0.9541433
-4.121134 6.568245 -13.23462 -0.2421269 -0.1630335 0.956449
-4.326392 6.541047 -13.11287 -0.2367181 -0.1586897 0.9585313
-4.529311 6.514807 -12.99106 -0.2325644 -0.1542769 0.9602668
-4.812164 6.489522 -12.8895 -0.230257 -0.1476716 0.9618601
-4.976399 6.316241 -12.95489 -0.2311497 -0.1431394 0.962331
-5.211164 6.068581 -13.04738 -0.2330165 -0.1372793 0.9627345
-5.370702 5.900296 -13.10965 -0.2341739 -0.1337015 0.9629571
-5.530331 5.73193 -13.17153 -0.2352326 -0.1304192 0.9631492
-5.688501 5.565117 -13.23247 -0.236192 -0.1274366 0.9633137
-5.845404 5.399656 -13.29258 -0.2370634 -0.1247209 0.963455
-6.080866 5.151378 -13.38219 -0.2382021 -0.1210198 0.9636462
-6.240689 4.982897 -13.44257 -0.2385025 -0.1185358 0.9638806
-6.496193 4.72504 -13.4503 -0.2380313 -0.1147389 0.9644564
-6.696907 4.621925 -13.33763 -0.236946 -0.1117577 0.9650735
-6.902045 4.603365 -13.21377 -0.2349434 -0.1080906 0.9659804
-7.102962 4.585857 -13.09158 -0.2319149 -0.1036152 0.9672018
-7.306977 4.568904 -12.96621 -0.227522 -0.09813305 0.9688156
-7.508526 4.55307 -12.8408 -0.2222474 -0.09211463 0.9706292
-7.707449 4.538423 -12.71521 -0.2161338 -0.08553742 0.9726096
-7.909053 4.524729 -12.5857 -0.2084384 -0.07776017 0.9749393
-8.109754 4.512456 -12.45402 -0.1990283 -0.06848007 0.9775982
-8.306999 4.501977 -12.32128 -0.1875958 -0.05762453 0.9805545
-8.504668 4.49325 -12.18444 -0.174866 -0.04578255 0.9835272
-8.793848 4.4837 -11.97741 -0.157098 -0.0293816 0.9871458
-9.077718 4.477879 -11.76678 -0.1410998 -0.01467186 0.9898866
-9.257073 4.476345 -11.70562 -0.1307326 -0.005279637 0.9914036
-9.425656 4.475617 -11.72654 -0.1206724 0.003688735 0.9926856
-9.674109 4.474512 -11.75428 -0.1062646 0.0160886 0.9942077
-9.841627 4.473755 -11.77098 -0.09694929 0.02379351 0.9950049
-10.00764 4.473 -11.78592 -0.08719378 0.03129583 0.9956996
-10.25692 4.471835 -11.80485 -0.06962687 0.04262363 0.9966621
-10.42622 4.470997 -11.81464 -0.0536661 0.05020173 0.9972962
-10.59438 4.470099 -11.82112 -0.03341943 0.05755668 0.9977827
-10.76409 4.469118 -11.82382 -0.0103872 0.06454167 0.997861
-10.93085 4.468098 -11.82266 0.0120027 0.07059731 0.9974327
-11.10062 4.467029 -11.81783 0.03307542 0.076193 0.9965444
-11.27046 4.46595 -11.80961 0.05240923 0.08133237 0.9953082
-11.43974 4.46488 -11.79832 0.07007705 0.08603343 0.9938247
-11.60897 4.463829 -11.78419 0.08627412 0.09034702 0.9921664
-11.77822 4.462816 -11.76749 0.100748 0.09335884 0.9905221
-12.03065 4.710284 -11.76241 0.1190481 0.09583514 0.9882526
-12.20031 4.8768 -11.75676 0.1298266 0.09607229 0.9868714
-12.45356 5.125942 -11.74459 0.1442254 0.09167109 0.9852895
-12.62419 5.294486 -11.7332 0.1532115 0.08426192 0.9845944
-12.87481 5.54349 -11.71052 0.1667334 0.06741004 0.983695
-13.04384 5.712669 -11.69043 0.1761062 0.05334611 0.9829246
-13.21218 5.882236 -11.6663 0.1856674 0.03844557 0.9818602
-13.45911 6.132946 -11.62338 0.1992959 0.01698466 0.9797922
-13.70354 6.383267 -11.57258 0.2113689 -0.002175103 0.9774039
-13.86557 6.550248 -11.53473 0.2185479 -0.01366462 0.9757305
-14.1649 6.640131 -11.72044 0.2281632 -0.02913222 0.973187
-14.3685 6.64654 -11.84545 0.2333035 -0.03760748 0.9716765
-14.55187 6.650422 -11.8881 0.2366689 -0.04434429 0.9705779
-14.71417 6.65078 -11.8484 0.2372813 -0.0495947 0.9701742
-14.95717 6.651251 -11.78941 0.2339447 -0.05618463 0.9706252
-15.12247 6.651515 -11.75034 0.227685 -0.06009194 0.9718788
-15.36647 6.6518 -11.69594 0.2107696 -0.06555361 0.9753353
-15.59588 6.64597 -11.56514 0.1884885 -0.07157369 0.9794638
-15.73294 6.633284 -11.36848 0.1728116 -0.07581632 0.9820326
-15.87161 6.619985 -11.17581 0.1583598 -0.07974472 0.984156
-16.01355 6.605959 -10.98429 0.1450088 -0.08336906 0.9859118
-16.15886 6.591231 -10.79342 0.1326603 -0.08671723 0.9873608
-16.30494 6.576097 -10.60613 0.1214283 -0.08975928 0.9885335
-16.45167 6.56061 -10.42211 0.1111984 -0.09252711 0.9894815
-16.61007 6.552449 -10.32035 0.1017071 -0.09509274 0.9902591
-16.85898 6.552174 -10.29698 0.0890258 -0.0985171 0.9911452
-17.02506 6.55199 -10.28304 0.08149401 -0.1003201 0.9916121
-17.19392 6.551809 -10.27007 0.07464357 -0.1017109 0.9920097
-17.4444 6.551558 -10.25272 0.06624507 -0.1027346 0.9925005
-17.61226 6.551407 -10.242 0.06273124 -0.1020944 0.9927948
-17.78197 6.55127 -10.23155 0.06084182 -0.1006 0.9930649
-17.94839 6.551147 -10.22142 0.06057111 -0.09854269 0.9932877
-18.11764 6.551031 -10.21095 0.061986 -0.09600651 0.9934488
-18.29102 6.558691 -10.28294 0.06465863 -0.0932718 0.9935389
-18.46851 6.573784 -10.4373 0.06804595 -0.09053806 0.9935656
-18.71791 6.573615 -10.41908 0.07539344 -0.08672598 0.9933753
-18.88524 6.573493 -10.40535 0.08391821 -0.08447456 0.9928856
-19.05118 6.573357 -10.38968 0.09742016 -0.08220847 0.9918423
-19.21996 6.573186 -10.37071 0.1165282 -0.07954679 0.9899967
-19.41081 6.586068 -10.51574 0.1390467 -0.07639284 0.9873348
-19.60521 6.598385 -10.65662 0.1613543 -0.0732788 0.9841722
-19.80047 6.610044 -10.79198 0.1816106 -0.07041107 0.9808465
-19.85078 6.627103 -11.03792 0.2086662 -0.06654757 0.9757202
-19.88782 6.638023 -11.20168 0.2237749 -0.06440396 0.9725106
-19.9467 6.653796 -11.44413 0.2405156 -0.06264753 0.9686215
-19.9884 6.664399 -11.60821 0.2472852 -0.06254596 0.9669219
-20.03009 6.674891 -11.76925 0.2508482 -0.06313444 0.9659654
-20.09297 6.690992 -12.01067 0.2511126 -0.06523324 0.9657573
-20.15498 6.707823 -12.25229 0.2458337 -0.06843106 0.9668935
-20.21435 6.725546 -12.49448 0.2321123 -0.07218418 0.9700069
-20.33471 6.737983 -12.64078 0.2163153 -0.07479679 0.9734542
-20.5357 6.750744 -12.7722 0.1982843 -0.07720219 0.9770994
-20.79739 6.756847 -12.80872 0.1705793 -0.08031088 0.9820656
-21.04446 6.756406 -12.77026 0.1451691 -0.08301712 0.9859179
-21.2107 6.756108 -12.7478 0.1297988 -0.08464927 0.9879204
-21.37941 6.75581 -12.72754 0.1154806 -0.08616643 0.9895654
-21.54516 6.755524 -12.70987 0.1025752 -0.08753122 0.9908666
-21.7942 6.755112 -12.68711 0.08513129 -0.08930115 0.9923598
-21.96345 6.754847 -12.674 0.07447931 -0.0903567 0.9931206
-22.12975 6.754599 -12.66277 0.06487828 -0.09130666 0.9937072
-22.37936 6.754251 -12.64871 0.05191537 -0.09258708 0.9943503
-22.54716 6.754033 -12.64097 0.04408405 -0.09335943 0.994656
-22.71684 6.753826 -12.6344 0.03681787 -0.09407521 0.9948841
-22.96672 6.753544 -12.62682 0.02720512 -0.09502097 0.9951035
-23.13475 6.75337 -12.62298 0.02139679 -0.09559178 0.9951906
-23.38471 6.753133 -12.61895 0.01362965 -0.09635428 0.9952538
-23.57355 6.75297 -12.617 0.009641156 -0.09673623 0.9952633
-23.74091 6.752838 -12.61549 0.009084729 -0.09676939 0.9952654
-23.91086 6.752715 -12.6135 0.0129369 -0.09661902 0.9952374
-24.07902 6.752604 -12.61025 0.02178404 -0.09687528 0.9950581
-24.24892 6.752509 -12.60484 0.03526489 -0.09761471 0.9945993
-24.42018 6.752433 -12.5967 0.05139419 -0.09840664 0.9938183
-24.58822 6.752377 -12.58587 0.06827895 -0.09915516 0.9927267
-24.83874 6.75232 -12.56463 0.091631 -0.1001105 0.990748
-25.0064 6.752296 -12.54731 0.105671 -0.1006871 0.9892905
-25.25572 6.752276 -12.51744 0.1244358 -0.1014604 0.9870266
-25.42422 6.752271 -12.49465 0.1362236 -0.1019312 0.9854203
-25.59228 6.752271 -12.46981 0.1486498 -0.1023626 0.9835777
-25.75834 6.752278 -12.44301 0.1616607 -0.1028971 0.9814673
-25.67488 6.752269 -12.45882 0.1793606 -0.1036162 0.9783115
-25.50819 6.752251 -12.49078 0.1896555 -0.1041626 0.9763098
-25.26306 6.752217 -12.53991 0.197101 -0.1054215 0.9746987
-25.09972 6.752196 -12.57305 0.1977972 -0.1061276 0.974481
-24.83821 6.743243 -12.54165 0.1981357 -0.1070801 0.974308
-24.64037 6.725171 -12.41155 0.1983398 -0.1076549 0.9742031
-24.34577 6.698102 -12.21795 0.198613 -0.1084242 0.9740621
-24.22888 6.679625 -12.06954 0.1987795 -0.1088935 0.9739758
-24.19542 6.661253 -11.90571 0.1989308 -0.10932 0.9738972
-24.14528 6.633673 -11.66074 0.1997044 -0.1097111 0.9736949
-24.095 6.606265 -11.41738 0.2019821 -0.1095363 0.9732446
-24.06076 6.587877 -11.25378 0.2041935 -0.1092663 0.9728134
-24.17187 6.560714 -10.97579 0.2093571 -0.1082741 0.9718263
-24.36247 6.533954 -10.67922 0.2166961 -0.1062889 0.9704357
-24.49028 6.516159 -10.47712 0.2226641 -0.1043791 0.9692913
-24.45251 6.499022 -10.3163 0.2325529 -0.1012715 0.9672969
-24.29065 6.499064 -10.35614 0.2396079 -0.09916389 0.9657922
-24.12626 6.499118 -10.39788 0.2467126 -0.09712239 0.9642096
-23.88433 6.499212 -10.46152 0.2564258 -0.09436504 0.9619465
-23.64316 6.499316 -10.52734 0.2649806 -0.09193868 0.9598607
-23.40252 6.499424 -10.59513 0.272494 -0.08980231 0.9579575
-23.16238 6.499533 -10.66463 0.2790934 -0.08792159 0.9562305
-23.00014 6.499604 -10.71253 0.2830994 -0.08677805 0.9551567
-22.84047 6.499673 -10.76035 0.2867165 -0.08574425 0.9541706
-22.60131 6.499776 -10.83315 0.2920736 -0.08284465 0.952801
-22.44085 6.499856 -10.88289 0.2962347 -0.07836042 0.9518953
-22.27882 6.499955 -10.93398 0.3012717 -0.07253329 0.9507756
-22.04094 6.500148 -11.0109 0.3100412 -0.06332342 0.9486119
-21.88276 6.500308 -11.06342 0.3161647 -0.05755922 0.9469566
-21.72359 6.500487 -11.11735 0.3218824 -0.05218438 0.9453404
-21.56452 6.500678 -11.17224 0.3271196 -0.04724329 0.9438013
-21.32741 6.500971 -11.25565 0.3335014 -0.04100796 0.9418573
-21.0917 6.501244 -11.3395 0.335075 -0.03792995 0.9414277
-20.85602 6.501483 -11.42301 0.3327657 -0.03720242 0.9422754
-20.66986 6.498486 -11.40006 0.3297775 -0.03773366 0.9433043
-20.45784 6.492177 -11.2973 0.3265071 -0.03907502 0.9443867
-20.24256 6.485354 -11.192 0.322954 -0.04181286 0.9454906
-20.02506 6.477776 -11.08468 0.3196321 -0.04620487 0.9464145
-19.8141 6.469558 -10.97985 0.3169127 -0.05155043 0.9470527
-19.57681 6.469775 -11.05854 0.3128828 -0.06264826 0.9477233
-19.33915 6.470021 -11.13611 0.30779 -0.07550748 0.9484534
-19.18049 6.470201 -11.18715 0.3045353 -0.08341228 0.9488418
-19.01912 6.470391 -11.23849 0.3011746 -0.0903738 0.9492768
-18.90853 6.486345 -11.44864 0.2958051 -0.09454273 0.9505583
-18.73976 6.510806 -11.76098 0.2816289 -0.0963754 0.9546711
-18.62262 6.52737 -11.97019 0.2694652 -0.09640857 0.9581721
-18.50295 6.543902 -12.1778 0.2576984 -0.09636766 0.9614077
-18.38181 6.560292 -12.38252 0.2469513 -0.09632949 0.964228
-18.19724 6.584703 -12.6855 0.2324985 -0.09627692 0.9678198
-18.07139 6.601016 -12.88677 0.2237877 -0.0962446 0.9698743
-17.94423 6.617265 -13.08639 0.2158003 -0.0962145 0.9716856
-17.81516 6.633547 -13.28559 0.2084349 -0.09618639 0.973295
-17.68567 6.649693 -13.48238 0.201715 -0.09616043 0.9747124
-17.55289 6.666075 -13.68131 0.195443 -0.09613592 0.9759918
-17.35493 6.690215 -13.97325 0.1871199 -0.09610303 0.9776248
-17.21915 6.706598 -14.17064 0.1820344 -0.09608272 0.9785866
-17.05169 6.706659 -14.20116 0.1773557 -0.09606387 0.9794471
-16.8846 6.706716 -14.23084 0.1730759 -0.0960465 0.9802142
-16.71892 6.706767 -14.25958 0.1691834 -0.09603061 0.980895
-16.4724 6.706835 -14.30118 0.1639775 -0.09600922 0.9817808
-16.30794 6.706876 -14.32824 0.1608561 -0.09599632 0.9822983
-16.14222 6.706914 -14.35497 0.1577906 -0.09594815 0.9828001
-15.8936 6.706963 -14.39393 0.1521051 -0.09540525 0.9837489
-15.72557 6.70699 -14.41932 0.1476267 -0.09482767 0.9844867
-15.55909 6.707012 -14.44372 0.1433467 -0.09426805 0.9851727
-15.31008 6.707038 -14.47893 0.1374897 -0.09351622 0.9860787
-15.14185 6.707052 -14.50191 0.1339002 -0.09302341 0.9866192
-14.97349 6.707062 -14.52424 0.1297788 -0.0923165 0.9872361
-14.80816 6.707066 -14.54535 0.1248417 -0.09104063 0.987991
-14.64117 6.707059 -14.56571 0.1189868 -0.0888156 0.9889155
-14.4756 6.707034 -14.58478 0.1122618 -0.08548432 0.9899948
-14.20976 6.693554 -14.44594 0.1016473 -0.07931644 0.9916535
-14.02776 6.680785 -14.29669 0.09502731 -0.07502189 0.9926437
-13.75528 6.662885 -14.06955 0.08594308 -0.06840605 0.9939489
-13.48597 6.646673 -13.84108 0.07797866 -0.06187842 0.9950328
-13.30578 6.636744 -13.68622 0.07319939 -0.05689527 0.9956931
-13.03911 6.623732 -13.45444 0.06710807 -0.04807708 0.9965867
-12.85712 6.616162 -13.29466 0.06340431 -0.0415264 0.9971236
-12.67859 6.609791 -13.13681 0.06013369 -0.03518825 0.9975699
-12.50245 6.604507 -12.98006 0.05716163 -0.02911067 0.9979404
-12.32382 6.600169 -12.82018 0.05445804 -0.02296413 0.998252
-12.06114 6.595758 -12.58359 0.05097858 -0.01329258 0.9986113
-11.88485 6.594234 -12.42393 0.04887373 -0.006198144 0.9987857
-11.70732 6.593941 -12.26248 0.0469234 0.001200141 0.9988978
-11.44842 6.594879 -12.10739 0.04464545 0.01375389 0.9989082
-11.28026 6.594708 -12.11476 0.04355543 0.02336807 0.9987777
-11.03048 6.594465 -12.12543 0.04226647 0.03771884 0.9983941
-10.7807 6.594237 -12.13581 0.04115715 0.05071862 0.9978646
-10.61134 6.594091 -12.1427 0.04047778 0.05865708 0.9974572
-10.44128 6.593953 -12.14952 0.03984986 0.06596369 0.997026
-10.19147 6.593764 -12.15935 0.03901804 0.07559822 0.9963747
-9.940409 6.593591 -12.16905 0.03827925 0.08411305 0.9957207
-9.690561 6.593434 -12.17851 0.03737968 0.0912749 0.9951239
-9.522535 6.593335 -12.18462 0.0357957 0.09414893 0.9949144
-9.271228 6.593198 -12.19304 0.03198329 0.09486929 0.9949758
-9.103088 6.593119 -12.19802 0.02870602 0.09322873 0.9952308
-8.936471 6.593055 -12.20239 0.02522848 0.09067211 0.9955612
-8.766576 6.593006 -12.20623 0.02161245 0.08756019 0.9959248
-8.516631 6.592958 -12.21079 0.0165188 0.083029 0.9964102
-8.347138 6.592941 -12.21318 0.0132704 0.08005133 0.9967024
-8.177202 6.592936 -12.215 0.00973414 0.07705719 0.9969792
-8.007694 6.586651 -12.30093 0.005731822 0.07398781 0.9972427
-7.838253 6.574482 -12.47079 0.001377187 0.07099523 0.9974757
-7.667648 6.562798 -12.6402 -0.003568117 0.06810027 0.9976721
-7.496845 6.551633 -12.80815 -0.008553059 0.06542025 0.9978212
-7.494819 6.540931 -12.97613 -0.01316227 0.0629795 0.997928
-7.490486 6.525737 -13.22563 -0.01935216 0.05972033 0.9980276
-7.486772 6.516027 -13.39201 -0.02325201 0.05776668 0.9980593
-7.482378 6.506563 -13.55965 -0.02710997 0.05588733 0.998069
-7.47724 6.497206 -13.73082 -0.03090667 0.05412669 0.9980556
-7.471508 6.488213 -13.90042 -0.03468082 0.05252807 0.9980171
-7.461915 6.475438 -14.14992 -0.04017293 0.05041514 0.99792
-7.454365 6.636458 -14.32755 -0.0436031 0.04912722 0.9978403
-7.446301 6.796581 -14.50374 -0.04679846 0.04795409 0.9977526
-7.437799 6.955275 -14.67795 -0.04973625 0.04688831 0.9976612
-7.428644 7.117181 -14.8553 -0.05248437 0.0458912 0.9975668
-7.419031 7.279203 -15.03242 -0.05507533 0.04497727 0.9974687
-7.409352 7.355249 -15.20255 -0.05751666 0.0441539 0.9973677
-7.399418 7.347953 -15.36971 -0.0598402 0.04332286 0.9972674
-7.383921 7.337318 -15.61904 -0.063007 0.04213719 0.9971231
-7.372667 7.498268 -15.79359 -0.06502768 0.04136175 0.9970259
-7.361179 7.658048 -15.96658 -0.0669025 0.04054948 0.9969352
-7.349174 7.820881 -16.14257 -0.06865494 0.03975317 0.9968481
-7.336844 7.984258 -16.31882 -0.07037544 0.03883889 0.9967642
-7.318849 7.974808 -16.56799 -0.07276845 0.03728491 0.9966517
-7.318849 7.974808 -16.56799 -0.07423516 0.03630044 0.9965799
-7.318849 7.974808 -16.56799 -0.07557197 0.03540304 0.9965116
-7.318849 7.974808 -16.56799 -0.07737496 0.03419254 0.9964156
-7.325387 7.977597 -16.48496 -0.07845504 0.03346726 0.9963557
-7.33869 7.983133 -16.31762 -0.07945438 0.03279615 0.9962988
-7.352309 7.988625 -16.14836 -0.08038191 0.03217321 0.9962448
-7.372616 7.996522 -15.89926 -0.08160815 0.03127849 0.9961736
-7.386429 8.001708 -15.7318 -0.08234889 0.0307151 0.9961301
-7.400644 8.006907 -15.56095 -0.08304216 0.03018778 0.9960887
-7.421552 8.014337 -15.312 -0.08394893 0.02949801 0.9960334
-7.442675 8.021609 -15.06299 -0.08474718 0.02889072 0.9959835
-7.456976 8.026417 -14.89564 -0.08522924 0.02852396 0.995953
-7.471239 8.03113 -14.72962 -0.08566819 0.02818999 0.9959248
-7.318178 8.035843 -14.54771 -0.08607472 0.02788066 0.9958985
-7.166464 8.040468 -14.36726 -0.08644471 0.02759912 0.9958743
-7.012083 8.045131 -14.1835 -0.08679048 0.027336 0.9958515
-6.784794 8.051921 -13.91274 -0.08724798 0.02698785 0.995821
-6.535762 8.051934 -13.89085 -0.08765058 0.02668147 0.9957939
-6.368667 8.051942 -13.87612 -0.08789334 0.02649672 0.9957774
-6.202599 8.05195 -13.86143 -0.08811481 0.02632817 0.9957623
-6.040869 8.054181 -13.76178 -0.08832199 0.02617048 0.9957481
-5.88664 8.058616 -13.57754 -0.08851199 0.02602588 0.995735
-5.659805 8.065098 -13.30644 -0.08876305 0.0258348 0.9957176
-5.433022 8.071527 -13.03527 -0.08898427 0.02555756 0.9957051
-5.278992 8.075815 -12.85103 -0.08911993 0.0250997 0.9957046
-5.117429 8.077925 -12.75151 -0.08924451 0.02457212 0.9957066
-4.948339 8.077929 -12.73634 -0.08935876 0.02405307 0.995709
-4.780753 8.077932 -12.72129 -0.0894629 0.02343677 0.9957144
-4.614655 8.077936 -12.70635 -0.08959437 0.02262685 0.9957213
-4.445594 8.07794 -12.69112 -0.08975296 0.02161423 0.9957295
-4.276377 8.077944 -12.67584 -0.08997142 0.02028495 0.9957377
-4.027299 8.07795 -12.6532 -0.09089953 0.01632862 0.9957262
-3.778381 8.077962 -12.63021 -0.09258129 0.01094078 0.995645
-3.762516 8.076612 -12.79895 -0.09393582 0.006954458 0.995554
-3.746389 8.075924 -12.96807 -0.09525162 0.003111649 0.9954484
-3.730207 8.075844 -13.13557 -0.0964455 -0.0003792836 0.9953382
-3.713516 8.076341 -13.30629 -0.0975973 -0.003754301 0.9952189
-3.689038 8.328227 -13.55339 -0.09925768 -0.008855863 0.9950224
-3.672432 8.498265 -13.71873 -0.100366 -0.01236463 0.9948738
-3.655351 8.672348 -13.88671 -0.101656 -0.01627158 0.9946865
-3.638268 8.845408 -14.05229 -0.1031853 -0.02050794 0.9944507
-3.612744 9.101563 -14.29465 -0.1058619 -0.02719562 0.9940089
-3.595087 9.276742 -14.45842 -0.1079318 -0.03193954 0.9936451
-3.586555 9.449585 -14.53669 -0.1100403 -0.03675908 0.9932472
-3.5878 9.699356 -14.52641 -0.1130769 -0.04372086 0.9926239
-3.588772 9.867069 -14.51853 -0.1150433 -0.04847807 0.9921768
-3.590436 10.11817 -14.50528 -0.1178908 -0.05542544 0.9914786
-3.611954 10.27775 -14.32704 -0.1197183 -0.05984014 0.9910029
-3.632508 10.26704 -14.15877 -0.1214243 -0.06410486 0.9905285
-3.663245 10.25005 -13.91125 -0.1236746 -0.06979184 0.9898655
-3.684411 10.23776 -13.74331 -0.1250443 -0.07325915 0.9894428
-3.705826 10.2249 -13.57518 -0.1263003 -0.07644247 0.9890423
-3.655031 10.20511 -13.3173 -0.127957 -0.080647 0.9884953
-3.509921 10.19129 -13.12939 -0.1289568 -0.08318751 0.9881548
-3.260525 10.19137 -13.09659 -0.130299 -0.08660165 0.9876853
-3.092172 10.19143 -13.07427 -0.1311115 -0.08867077 0.9873942
-2.844422 10.1915 -13.04117 -0.1321847 -0.09140578 0.9870016
-2.677748 10.19155 -13.01876 -0.1328328 -0.09305897 0.9867601
-2.429996 10.19161 -12.98528 -0.1334545 -0.09494641 0.9864964
-2.264835 10.19165 -12.96293 -0.1334025 -0.09562006 0.9864383
-2.096657 10.19169 -12.94024 -0.1329293 -0.0958887 0.9864761
-1.930084 10.19172 -12.91788 -0.1321874 -0.09574129 0.9865901
-1.764801 10.19175 -12.89587 -0.1311644 -0.09521563 0.9867775
-1.598081 10.19178 -12.87386 -0.129973 -0.09444466 0.9870092
-1.432652 10.19181 -12.85223 -0.1287492 -0.09352933 0.9872568
-1.264439 10.19183 -12.83045 -0.1275014 -0.0925676 0.9875093
-1.076002 10.20733 -12.97542 -0.1263651 -0.09161983 0.9877437
-0.9106184 10.20736 -12.95441 -0.1251932 -0.09065185 0.9879822
-0.744019 10.20738 -12.93345 -0.1240385 -0.08972161 0.9882128
-0.578594 10.2074 -12.91282 -0.1229857 -0.08887374 0.988421
-0.410117 10.20742 -12.89199 -0.1220013 -0.08808107 0.9886139
-0.1618375 10.20745 -12.86157 -0.1206979 -0.08703183 0.9888667
0.006651267 10.20747 -12.84111 -0.1199032 -0.08639221 0.9890195
0.1753011 10.20749 -12.82076 -0.1191737 -0.08580521 0.9891588
0.3440204 10.2075 -12.80052 -0.1185045 -0.0852668 0.9892857
0.510937 10.20752 -12.7806 -0.1178973 -0.08477835 0.9894003
0.6800115 10.20753 -12.76053 -0.117333 -0.08432444 0.9895061
0.9295635 10.20755 -12.73106 -0.116585 -0.08372287 0.9896456
1.096815 10.20757 -12.71142 -0.1161347 -0.08336079 0.9897291
1.265319 10.20758 -12.6917 -0.1157185 -0.08302613 0.989806
1.515059 10.20759 -12.6626 -0.1151644 -0.08258066 0.9899079
1.682295 10.2076 -12.64319 -0.1148312 -0.08231277 0.9899689
1.847977 10.20761 -12.62401 -0.1145281 -0.08206921 0.9900242
2.096326 10.20762 -12.59535 -0.1141196 -0.08174084 0.9900985
2.264813 10.20763 -12.57596 -0.1138706 -0.08154072 0.9901437
2.513111 10.20764 -12.54746 -0.1135409 -0.08127577 0.9902034
2.681798 10.20764 -12.52814 -0.1133397 -0.08111407 0.9902397
2.850546 10.20765 -12.50885 -0.1131551 -0.08096574 0.9902729
3.018031 10.20765 -12.48974 -0.1129871 -0.08083075 0.9903032
3.100829 10.20765 -12.4803 -0.1127632 -0.08065081 0.9903433
3.100829 10.20765 -12.4803 -0.1126055 -0.08052411 0.9903716
3.100829 10.20765 -12.4803 -0.1124822 -0.08042505 0.9903936
3.100829 10.20765 -12.4803 -0.1123688 -0.08033395 0.9904139
3.100829 10.20765 -12.4803 -0.1122649 -0.08025048 0.9904324
3.102392 10.03535 -12.49407 -0.112168 -0.08017261 0.9904497
3.1039 9.868808 -12.50737 -0.1120821 -0.08010367 0.990465
3.105415 9.701194 -12.52075 -0.1120028 -0.08003996 0.9904792
3.106915 9.535046 -12.534 -0.1119307 -0.07998198 0.990492
3.127244 9.38083 -12.71396 -0.1118638 -0.07992826 0.9905039
3.138059 9.221274 -12.80974 -0.111803 -0.07987938 0.9905147
3.139568 9.053474 -12.82309 -0.1117466 -0.07983407 0.9905247
3.141816 8.803032 -12.84301 -0.1116709 -0.07977331 0.9905381
3.142561 8.719963 -12.84962 -0.1116047 -0.07972013 0.9905499
3.142561 8.719963 -12.84962 -0.1115464 -0.07967331 0.9905602
3.142561 8.719963 -12.84962 -0.1115112 -0.07964502 0.9905665
3.225377 8.719963 -12.8403 -0.1114641 -0.0796072 0.9905748
3.474856 8.719963 -12.81223 -0.1114225 -0.0795738 0.9905822
3.642249 8.719963 -12.79341 -0.1113975 -0.07955366 0.9905866
3.807908 8.719963 -12.77478 -0.1113747 -0.07953537 0.9905906
3.974926 8.719963 -12.75599 -0.1114976 -0.07951843 0.9905782
4.14547 8.719963 -12.73669 -0.1123384 -0.07950257 0.9904844
4.393918 8.719963 -12.70823 -0.1140283 -0.07937753 0.9903013
4.56245 8.719963 -12.68867 -0.1152585 -0.07937355 0.9901592
4.72942 8.719963 -12.66908 -0.1164821 -0.07936992 0.9900163
4.894934 8.719963 -12.64946 -0.1175955 -0.07936664 0.989885
5.063707 8.719963 -12.62927 -0.1186377 -0.07936355 0.9897608
5.232304 8.719963 -12.60894 -0.1195922 -0.07936072 0.9896462
5.400899 8.719963 -12.58845 -0.1204674 -0.07935814 0.9895402
5.569625 8.719963 -12.56781 -0.1212705 -0.07935576 0.9894423
5.736046 8.719963 -12.54732 -0.1219969 -0.07935362 0.9893532
5.912145 8.719963 -12.5255 -0.1227016 -0.07935153 0.9892662
6.0831 8.719963 -12.50421 -0.1233629 -0.07934968 0.9891841
6.26401 8.719963 -12.48155 -0.1241185 -0.0793479 0.9890897
6.437782 8.719963 -12.45964 -0.1248902 -0.07934631 0.9889927
6.627457 8.719963 -12.43557 -0.1257001 -0.07934474 0.9888902
6.798311 8.719963 -12.41376 -0.1263632 -0.07934346 0.9888058
6.971509 8.719963 -12.39154 -0.1269785 -0.07934228 0.9887271
7.139694 8.719963 -12.36987 -0.1275253 -0.07934122 0.9886568
7.389166 8.719963 -12.33756 -0.1282904 -0.07933982 0.9885579
7.637075 8.719963 -12.30526 -0.1290981 -0.07933859 0.9884529
7.884938 8.719963 -12.27271 -0.130152 -0.07947801 0.9883034
8.051384 8.719963 -12.25068 -0.1310335 -0.07964505 0.9881735
8.221324 8.719963 -12.228 -0.1321119 -0.07987442 0.9880114
8.387983 8.719963 -12.20557 -0.1332574 -0.08015222 0.987835
8.553164 8.719964 -12.18313 -0.1345458 -0.0804763 0.9876341
8.800823 8.719967 -12.14898 -0.136975 -0.08117586 0.9872428
8.968925 8.71997 -12.12539 -0.1391197 -0.08170969 0.9868988
9.13695 8.719974 -12.10138 -0.1415839 -0.08234357 0.9864956
9.384308 8.719983 -12.0651 -0.1462222 -0.08355177 0.9857171
9.55221 8.719993 -12.03973 -0.1498004 -0.08453821 0.9850955
9.718547 8.720005 -12.01394 -0.1536138 -0.08557808 0.9844182
9.965394 8.720028 -11.97442 -0.1594246 -0.08712476 0.9833581
10.13451 8.720048 -11.94647 -0.1634229 -0.08825787 0.9826004
10.3007 8.72007 -11.91832 -0.1673421 -0.0893885 0.9818382
10.54823 8.720107 -11.87516 -0.17284 -0.09104071 0.9807334
10.7155 8.720135 -11.84521 -0.1763144 -0.09209088 0.9800166
10.96143 8.720175 -11.80016 -0.1809019 -0.09347866 0.9790486
11.12826 8.720203 -11.76895 -0.1837681 -0.09432494 0.9784335
11.29341 8.720231 -11.73758 -0.18637 -0.09509363 0.9778668
11.45716 8.720258 -11.70606 -0.1887378 -0.09579349 0.9773442
11.70246 8.720297 -11.65812 -0.1919273 -0.09673679 0.9766299
11.86897 8.720322 -11.62513 -0.1938721 -0.0973123 0.9761885
12.03577 8.720345 -11.59176 -0.1956583 -0.09784105 0.9757792
12.20217 8.720368 -11.55817 -0.1972918 -0.09832481 0.9754015
12.36859 8.720389 -11.52431 -0.1987896 -0.0987685 0.9750525
12.5335 8.720409 -11.4905 -0.200186 -0.09917179 0.9747258
12.77828 8.720438 -11.43969 -0.2033681 -0.09995447 0.9739869
13.02438 8.720467 -11.38754 -0.2077409 -0.100962 0.9729596
13.18871 8.720488 -11.35202 -0.211073 -0.1017919 0.9721556
13.35153 8.720509 -11.31618 -0.2147938 -0.102653 0.9712497
13.51698 8.720531 -11.27903 -0.219004 -0.1034571 0.9702236
13.68258 8.720556 -11.24103 -0.223575 -0.1041958 0.9691014
13.92589 8.720593 -11.18356 -0.2312896 -0.1049612 0.9672064
14.08918 8.720618 -11.14369 -0.2374624 -0.1052468 0.9656783
14.25554 8.720643 -11.10174 -0.2451417 -0.1054055 0.9637402
14.4168 8.720666 -11.05957 -0.2537518 -0.1054761 0.9615014
14.57891 8.720688 -11.01544 -0.2637407 -0.1055415 0.9588023
14.74231 8.720709 -10.96878 -0.2764163 -0.1056376 0.9552145
14.90489 8.720727 -10.91965 -0.29171 -0.1055065 0.9506701
15.06673 8.720735 -10.86745 -0.3102405 -0.104775 0.9448667
15.22564 8.720711 -10.81229 -0.3316783 -0.1030856 0.9377435
15.46091 8.720596 -10.72296 -0.3636193 -0.1000283 0.9261616
15.69168 8.720411 -10.62687 -0.3916458 -0.0972455 0.9149628
15.84527 8.720262 -10.55861 -0.4084177 -0.09555968 0.9077793
15.99652 8.720098 -10.48827 -0.4235853 -0.09402157 0.9009636
16.22112 8.719841 -10.3785 -0.4438503 -0.09194587 0.8913714
16.37091 8.719665 -10.302 -0.4559987 -0.09068992 0.8853477
16.51845 8.719489 -10.22427 -0.4669837 -0.08954659 0.8797202
16.66714 8.719314 -10.14362 -0.4776321 -0.08844437 0.8740968
16.81553 8.719139 -10.06075 -0.4884888 -0.08739368 0.8681826
16.96291 8.718967 -9.97595 -0.4997245 -0.08642978 0.8618615
17.109 8.718799 -9.889373 -0.5107164 -0.08551013 0.8554863
17.32215 8.718558 -9.758717 -0.5256598 -0.08424312 0.8465133
17.53315 8.718328 -9.624629 -0.5387682 -0.08312826 0.8383427
17.83361 8.731831 -9.626245 -0.5502008 -0.08214751 0.8309819
18.06613 8.745403 -9.671615 -0.5570477 -0.08155632 0.8264662
18.41546 8.765599 -9.736342 -0.5662174 -0.08075995 0.82029
18.64921 8.778997 -9.777578 -0.571686 -0.08028245 0.8165353
18.88134 8.792219 -9.817048 -0.5766435 -0.0798479 0.8130846
19.11552 8.805485 -9.855495 -0.581213 -0.07944593 0.809864
19.46623 8.825224 -9.91075 -0.5873278 -0.07890586 0.8054937
19.68119 8.844826 -10.06222 -0.5926492 -0.0784338 0.8016328
19.78232 8.858117 -10.19814 -0.5958861 -0.07814569 0.7992578
19.88394 8.87136 -10.33365 -0.5988449 -0.07788173 0.7970691
19.98509 8.88444 -10.46757 -0.6015262 -0.07764198 0.795071
20.08857 8.897726 -10.60367 -0.6040257 -0.07741805 0.7931958
20.24014 8.917033 -10.80157 -0.6072878 -0.07712509 0.7907296
20.34344 8.930096 -10.93555 -0.6092718 -0.07694657 0.7892194
20.562 8.949269 -11.08137 -0.6118919 -0.07671033 0.7872127
20.79569 8.961998 -11.10995 -0.6134592 -0.0765688 0.7860057
21.03125 8.974807 -11.13832 -0.6149073 -0.07643789 0.7848862
21.26964 8.987748 -11.1666 -0.6162497 -0.07631636 0.7838445
21.50793 9.000666 -11.19449 -0.6174783 -0.07620506 0.7828879
21.74426 9.013458 -11.2218 -0.618594 -0.07610386 0.7820165
21.98226 9.026326 -11.24899 -0.6196235 -0.07601041 0.78121
22.28134 9.038946 -11.22352 -0.620985 -0.07588667 0.7801402
22.47784 9.038912 -11.06677 -0.6221882 -0.07577727 0.7791916
22.61051 9.038891 -10.96069 -0.6229175 -0.07571089 0.7786153
22.74318 9.038872 -10.85441 -0.6235862 -0.07564997 0.7780858
22.93814 9.038847 -10.69792 -0.6244686 -0.07556953 0.7773855
23.13294 9.038825 -10.54122 -0.6252448 -0.07549874 0.7767683
23.26273 9.038812 -10.43665 -0.6257095 -0.07545632 0.7763981
23.39321 9.038799 -10.33141 -0.6261671 -0.07541715 0.7760329
23.52419 9.038788 -10.22555 -0.6270032 -0.07548901 0.7753505
23.71831 9.038774 -10.068 -0.6292171 -0.07595229 0.7735096
23.91285 9.038763 -9.908901 -0.6322337 -0.0765687 0.7709849
24.04396 9.038757 -9.80097 -0.6341668 -0.07694271 0.7693584
24.17485 9.038754 -9.692693 -0.6359361 -0.07728576 0.7678621
24.30554 9.03875 -9.584103 -0.6375556 -0.07760037 0.7664862
24.43596 9.038748 -9.475295 -0.6390373 -0.07788873 0.765222
24.62779 9.038745 -9.314528 -0.6409945 -0.0782704 0.7635443
24.75763 9.038744 -9.205258 -0.6421845 -0.07850288 0.7625198
24.88729 9.038744 -9.095823 -0.6432739 -0.07871599 0.7615789
25.01585 9.038744 -8.987012 -0.6442646 -0.07891002 0.7607209
25.14294 9.038744 -8.879181 -0.6455925 -0.07917046 0.7595672
25.25266 9.052206 -9.008059 -0.6463962 -0.07932826 0.758867
25.36263 9.065709 -9.13697 -0.6471331 -0.07947311 0.7582235
25.36263 9.065709 -9.13697 -0.647808 -0.07960586 0.757633
25.36263 9.065709 -9.13697 -0.6484256 -0.07972745 0.7570917
25.36263 9.065709 -9.13697 -0.6489868 -0.07983802 0.7565989
25.29942 9.065709 -9.191268 -0.6494966 -0.0799385 0.7561508
25.17063 9.065709 -9.301996 -0.6499732 -0.08003248 0.7557313
25.042 9.065709 -9.412724 -0.6504095 -0.08011862 0.7553467
24.91325 9.065709 -9.52368 -0.65081 -0.08019768 0.7549932
24.72397 9.065709 -9.686997 -0.6513389 -0.08030217 0.7545258
24.5968 9.065709 -9.796851 -0.6516581 -0.08036527 0.7542434
24.40651 9.065709 -9.961388 -0.6520873 -0.08045017 0.7538633
24.27916 9.065709 -10.0716 -0.6523454 -0.08050121 0.7536345
24.09019 9.065709 -10.23528 -0.6526895 -0.08056931 0.7533293
24.02505 9.065709 -10.29174 -0.6528992 -0.08061081 0.7531431
24.03393 8.898168 -10.30198 -0.6531782 -0.08066607 0.7528952
24.04292 8.728635 -10.31234 -0.6533477 -0.08069963 0.7527446
24.05616 8.479452 -10.32758 -0.6535715 -0.08074396 0.7525455
24.06515 8.310249 -10.33793 -0.6537078 -0.08077099 0.7524242
24.0784 8.061118 -10.35318 -0.6538883 -0.08080674 0.7522635
24.0874 7.89191 -10.36353 -0.6539984 -0.08082855 0.7521655
24.09641 7.72254 -10.3739 -0.6540993 -0.08084857 0.7520755
24.10544 7.553005 -10.38427 -0.654192 -0.08086695 0.7519929
24.11447 7.383593 -10.39464 -0.654277 -0.08088379 0.7519172
24.12338 7.215968 -10.4049 -0.6540101 -0.08071876 0.7521671
24.13664 6.964362 -10.42019 -0.6520801 -0.07980198 0.7539385
24.14535 6.796213 -10.4303 -0.6495863 -0.07882748 0.7561904
24.02458 6.626704 -10.55069 -0.6458524 -0.07767449 0.7595007
23.90423 6.458943 -10.66893 -0.6410399 -0.0763413 0.7637014
23.67068 6.203501 -10.77795 -0.6307828 -0.07302728 0.7725155
23.43973 6.02204 -10.76126 -0.6213815 -0.06946896 0.7804223
23.21289 5.844621 -10.7411 -0.6104422 -0.06462932 0.7894197
22.98408 5.666636 -10.71649 -0.598473 -0.05876036 0.7989852
22.75681 5.49094 -10.68756 -0.5860817 -0.05216615 0.8085709
22.41563 5.229458 -10.63543 -0.5673026 -0.04076275 0.8224999
22.18348 5.053186 -10.5941 -0.5551823 -0.03281197 0.8310812
21.95147 4.878261 -10.54843 -0.5438794 -0.02541146 0.8387785
21.69169 4.789206 -10.4913 -0.5321552 -0.01765196 0.8464628
21.43367 4.786249 -10.4299 -0.5216143 -0.01039764 0.8531181
21.25053 4.785464 -10.53957 -0.5113609 -0.002473813 0.8593625
21.10679 4.784855 -10.62395 -0.504657 0.003469457 0.863313
20.8903 4.783973 -10.74895 -0.4982302 0.01312199 0.8669455
20.73884 4.693043 -10.83343 -0.495934 0.02064173 0.8681149
20.47749 4.445168 -10.87797 -0.4937499 0.03350888 0.8689581
20.24738 4.284854 -10.80915 -0.4924377 0.04276852 0.8692963
19.90517 4.213816 -10.71113 -0.4904224 0.05561309 0.8697087
19.56279 4.229134 -10.61548 -0.4881948 0.06698213 0.8701605
19.33184 4.241007 -10.55048 -0.4862389 0.07383291 0.8707011
19.09604 4.167798 -10.47834 -0.48381 0.07997739 0.871511
18.86093 4.013798 -10.40034 -0.481364 0.08537332 0.8723533
18.51151 3.786891 -10.28229 -0.4780738 0.09256916 0.873428
18.28831 3.703495 -10.39485 -0.4753222 0.0986478 0.8742639
18.06856 3.703098 -10.51404 -0.4742071 0.1025994 0.8744146
17.91404 3.615707 -10.58747 -0.4744346 0.1040917 0.8741149
17.75945 3.449732 -10.65161 -0.475126 0.1048319 0.8736507
17.52622 3.199254 -10.74876 -0.4768753 0.1047117 0.8727115
17.37314 3.116196 -10.82273 -0.4785016 0.1038584 0.871923
17.14257 3.133507 -10.75662 -0.4804664 0.102393 0.8710154
16.80331 3.158428 -10.66035 -0.4836406 0.0996949 0.8695704
16.57515 3.174785 -10.59628 -0.4856615 0.09773447 0.8686662
16.34858 3.19069 -10.53316 -0.4876032 0.09569897 0.8678046
16.00851 3.213919 -10.43927 -0.4902284 0.09269577 0.8666508
15.81925 3.221568 -10.44964 -0.4918327 0.09071893 0.8659508
15.6731 3.221457 -10.53286 -0.4931987 0.08881486 0.865371
15.52551 3.221351 -10.61714 -0.4943154 0.08683278 0.8649349
15.30724 3.221208 -10.7421 -0.4954138 0.08379107 0.8646064
15.16139 3.221121 -10.82572 -0.4957947 0.08166897 0.8645911
14.9431 3.221006 -10.95073 -0.4949617 0.07741284 0.8654595
14.79686 3.220945 -11.03401 -0.492894 0.07373468 0.8669595
14.57908 3.220888 -11.15677 -0.4882343 0.06761708 0.8700892
14.35944 3.220871 -11.27887 -0.4833169 0.06168793 0.8732694
14.14029 3.220883 -11.39917 -0.4789552 0.056496 0.8760195
13.99113 3.220902 -11.48027 -0.4762807 0.05332709 0.8776747
13.84139 3.220928 -11.5611 -0.4738145 0.05041458 0.8791804
13.69191 3.220959 -11.64128 -0.4715532 0.04775218 0.8805438
13.47124 3.22101 -11.75879 -0.4685487 0.04422651 0.88233
13.32128 3.221047 -11.83811 -0.4667112 0.04207697 0.8834083
13.17239 3.221085 -11.91647 -0.4648181 0.03975987 0.884513
13.02016 3.221127 -11.99607 -0.4624012 0.03700459 0.8858983
12.86939 3.221174 -12.07431 -0.4595999 0.03403627 0.8874736
12.71991 3.221227 -12.1512 -0.4563561 0.03073263 0.8892663
12.49562 3.221325 -12.26508 -0.4505337 0.02519137 0.892404
12.34361 3.221404 -12.34118 -0.446535 0.02146265 0.8945088
12.11948 3.221534 -12.45193 -0.4411832 0.01648496 0.8972657
11.89472 3.221671 -12.56145 -0.4364497 0.01210271 0.8996473
11.74189 3.221766 -12.63513 -0.4335538 0.009431038 0.9010783
11.59024 3.221859 -12.70768 -0.4309152 0.007002939 0.9023652
11.36291 3.221994 -12.8155 -0.4273566 0.003737162 0.9040754
11.21091 3.390335 -12.88744 -0.4252139 0.001775922 0.9050912
10.98453 3.640452 -12.9932 -0.422346 -0.0008432904 0.9064343
10.82904 3.726943 -13.06521 -0.4205765 -0.002456116 0.9072538
10.67474 3.727018 -13.13649 -0.4189661 -0.003921645 0.9079934
10.52054 3.727089 -13.20741 -0.4174896 -0.005263411 0.9086664
10.36901 3.727154 -13.27682 -0.4161249 -0.006544678 0.9092839
10.13864 3.727248 -13.38182 -0.4139796 -0.008613888 0.9102454
9.912243 3.896207 -13.29536 -0.4125071 -0.01008023 0.9108986
9.687587 4.063653 -13.20902 -0.411166 -0.01141418 0.911489
9.462307 4.231365 -13.12193 -0.409931 -0.01264106 0.9120289
9.236866 4.399017 -13.0343 -0.4087965 -0.01376691 0.9125217
9.01349 4.564974 -12.94705 -0.4077646 -0.01478998 0.9129673
8.853009 4.739533 -13.0156 -0.4067829 -0.0157623 0.9133889
8.694252 4.739575 -13.08616 -0.4058883 -0.01664757 0.9137711
8.463058 4.739631 -13.1886 -0.4045871 -0.01787505 0.9143248
8.307425 4.739666 -13.25733 -0.4036917 -0.01871171 0.9147037
8.078621 4.739713 -13.35807 -0.4025089 -0.01981593 0.9152016
7.924678 4.739742 -13.42567 -0.4017936 -0.02048318 0.9155012
7.767548 4.73977 -13.49453 -0.4011237 -0.0211077 0.9157807
7.61338 4.739795 -13.56196 -0.4005212 -0.02166907 0.9160312
7.383053 4.73983 -13.66251 -0.3997121 -0.02242248 0.9163665
7.153831 4.73986 -13.76235 -0.3989703 -0.02308184 0.9166733
6.998029 4.739879 -13.83004 -0.3981348 -0.02359458 0.9170234
6.768518 4.739907 -13.92917 -0.3952481 -0.0247831 0.91824
6.538492 4.73994 -14.0271 -0.3893461 -0.02677292 0.9207023
6.383398 4.739972 -14.09174 -0.3826352 -0.02862657 0.9234559
6.149807 4.740077 -14.18484 -0.3621301 -0.03315562 0.9315377
5.961034 4.736969 -14.16233 -0.3401246 -0.03784738 0.9396185
5.644421 4.726734 -14.0047 -0.3058928 -0.04491799 0.9510058
5.434864 4.719012 -13.89282 -0.2847105 -0.04924566 0.9573478
5.22372 4.710485 -13.77433 -0.2647648 -0.05330074 0.9628388
5.016653 4.701419 -13.65285 -0.2465322 -0.05699089 0.9674575
4.811551 4.691825 -13.52777 -0.2305475 -0.05986286 0.9712179
4.610119 4.682012 -13.40111 -0.2180961 -0.06122658 0.9740048
4.313447 4.667268 -13.20936 -0.2045391 -0.06138355 0.9769318
4.113612 4.657293 -13.07724 -0.1967583 -0.06085831 0.9785614
3.818474 4.642707 -12.87817 -0.1862386 -0.05923758 0.9807171
3.632548 4.638034 -12.82667 -0.1796724 -0.05806438 0.9820114
3.468463 4.638282 -12.85592 -0.173849 -0.05696221 0.9831235
3.301614 4.638507 -12.88469 -0.1683748 -0.05593333 0.9841349
3.133976 4.63871 -12.91269 -0.1632959 -0.05498536 0.9850437
2.969453 4.638888 -12.93936 -0.1587234 -0.05413205 0.985838
2.80342 4.63905 -12.96553 -0.1544859 -0.05334134 0.986554
2.635535 4.639198 -12.99129 -0.1505543 -0.05260778 0.987201
2.43115 4.646746 -13.16568 -0.1457458 -0.05171074 0.9879697
2.289648 4.655432 -13.35493 -0.1425847 -0.0511211 0.9884616
2.146574 4.664074 -13.54508 -0.139661 -0.05057577 0.9889069
1.933184 4.676731 -13.82671 -0.1357571 -0.04984769 0.9894873
1.786128 4.685311 -14.01954 -0.1333126 -0.04943581 0.9898403
1.640297 4.693738 -14.20976 -0.1307366 -0.04920779 0.9901952
1.463964 4.693808 -14.23261 -0.1276117 -0.04910157 0.990608
1.293355 4.69387 -14.25417 -0.1244254 -0.04900768 0.9910179
1.045202 4.693951 -14.2845 -0.1195307 -0.04895625 0.9916227
0.8766279 4.694 -14.30438 -0.1161901 -0.04894793 0.9920201
0.7077162 4.694045 -14.32376 -0.1131208 -0.04894021 0.9923752
0.5388148 4.694087 -14.34265 -0.1103071 -0.04893308 0.9926922
0.3697602 4.694125 -14.36109 -0.107725 -0.04892648 0.9929761
0.2025846 4.694159 -14.37893 -0.1053835 -0.04892045 0.9932276
0.03202263 4.694191 -14.39674 -0.1031921 -0.04891477 0.993458
-0.2250523 4.690158 -14.33926 -0.1003234 -0.04890728 0.9937521
-0.4105991 4.68189 -14.18752 -0.09857472 -0.04890268 0.9939274
-0.596329 4.6736 -14.03511 -0.09696724 -0.04889844 0.9940857
-0.7817718 4.665312 -13.88246 -0.09549367 -0.04889453 0.9942285
-0.9670982 4.657019 -13.72948 -0.09414177 -0.04889094 0.9943576
-1.152319 4.648721 -13.57619 -0.09290164 -0.04888763 0.9944744
-1.424201 4.636525 -13.35053 -0.09126446 -0.04888324 0.9946262
-1.608236 4.628259 -13.19738 -0.09026765 -0.04888056 0.9947172
-1.792765 4.619964 -13.04352 -0.08935028 -0.04887808 0.9948002
-1.977316 4.611661 -12.88938 -0.08850847 -0.04887581 0.9948756
-2.248261 4.59946 -12.66263 -0.08739743 -0.04887279 0.994974
-2.417268 4.599469 -12.67739 -0.08671995 -0.04887094 0.9950333
-2.584751 4.599478 -12.69191 -0.08610422 -0.04886927 0.9950868
-2.833837 4.59949 -12.71332 -0.08528104 -0.04886701 0.9951578
-2.999991 4.599497 -12.7275 -0.08478756 -0.04886566 0.9952001
-3.169075 4.599504 -12.74184 -0.08432655 -0.0488644 0.9952393
-3.338503 4.59951 -12.75614 -0.08390297 -0.04886324 0.9952752
-3.506034 4.599516 -12.7702 -0.08333816 -0.04882588 0.9953245
-3.756559 4.599521 -12.79064 -0.07957615 -0.04790641 0.9956769
-3.987306 4.611275 -13.05826 -0.07134899 -0.04659072 0.9963627
-4.220556 4.622712 -13.32371 -0.0616551 -0.0454356 0.9970628
-4.460681 4.630182 -13.50381 -0.0524289 -0.04452304 0.9976317
-4.629895 4.630166 -13.51195 -0.04653369 -0.04412368 0.9979417
-4.879683 4.630143 -13.52218 -0.0380617 -0.04396444 0.9983078
-5.047677 4.630131 -13.52782 -0.03195422 -0.04447493 0.9984993
-5.219177 4.630125 -13.53246 -0.02535902 -0.04535452 0.9986491
-5.389246 4.630126 -13.53593 -0.01867403 -0.04651861 0.9987429
-5.557484 4.798099 -13.53022 -0.01193721 -0.04793022 0.9987794
-5.72424 4.964638 -13.5232 -0.005308936 -0.04953639 0.9987582
-5.892458 5.132691 -13.51471 0.001189563 -0.0512744 0.9986839
-6.063662 5.303791 -13.50464 0.007732692 -0.05318986 0.9985545
-6.231783 5.471883 -13.49328 0.01426737 -0.05538127 0.9983633
-6.403173 5.643333 -13.48014 0.02099934 -0.05783344 0.9981053
-6.572772 5.813086 -13.46557 0.02754121 -0.06035004 0.9977973
-6.742333 5.897806 -13.45485 0.03388991 -0.06294344 0.9974415
-6.910512 5.897892 -13.44835 0.03997669 -0.06544181 0.9970553
-7.080265 5.897985 -13.44079 0.04579141 -0.06786447 0.9966431
-7.251522 5.898084 -13.43219 0.05134998 -0.07025179 0.9962068
-7.421175 5.898186 -13.42274 0.05679112 -0.07267346 0.9957376
-7.59049 5.98322 -13.40595 0.06232202 -0.07525787 0.9952146
-7.75889 6.152586 -13.38158 0.06766365 -0.07776526 0.9946729
-7.924073 6.318838 -13.35645 0.07247143 -0.0800231 0.994155
-8.09058 6.486541 -13.32997 0.07692289 -0.08211448 0.9936499
-8.339147 6.569747 -13.30275 0.08286785 -0.08490888 0.9929367
-8.506586 6.569853 -13.28831 0.0864567 -0.08659654 0.9924849
-8.677547 6.569958 -13.27296 0.08981743 -0.08817743 0.9920472
-8.926445 6.570103 -13.24964 0.09438521 -0.09027996 0.9914338
-9.095637 6.741104 -13.21736 0.09754632 -0.09169677 0.9909977
-9.261147 6.908476 -13.18503 0.1005588 -0.09296764 0.9905781
-9.508954 6.991567 -13.15133 0.1045861 -0.09466726 0.9899999
-9.676098 6.991645 -13.13335 0.1070183 -0.09569404 0.9896412
-9.924589 6.991754 -13.10591 0.1102682 -0.09706635 0.9891507
-10.17409 6.991853 -13.07759 0.113139 -0.098279 0.9887066
-10.40322 6.975412 -12.88398 0.1156527 -0.09934107 0.9883096
-10.55231 6.958483 -12.69588 0.1171521 -0.09999023 0.9880674
-10.71103 6.950185 -12.59348 0.1178355 -0.100327 0.9879521
-10.95928 6.950253 -12.56387 0.1177241 -0.1003436 0.9879637
-11.12618 6.950295 -12.54399 0.117589 -0.1003308 0.987981
-11.37443 6.95035 -12.51447 0.1174085 -0.1003138 0.9880043
-11.62268 6.950399 -12.48499 0.1172497 -0.1002988 0.9880247
-11.87217 6.950442 -12.45541 0.1171092 -0.1002855 0.9880427
-12.03994 7.035018 -12.42695 0.1170238 -0.1002774 0.9880536
-12.20645 7.203904 -12.3901 0.1169457 -0.1002701 0.9880636
-12.37328 7.373098 -12.3532 0.1168739 -0.1002633 0.9880728
-12.54026 7.542441 -12.31627 0.116808 -0.1002571 0.9880812
-12.70767 7.625349 -12.28808 0.1167478 -0.1002514 0.9880888
-12.87478 7.625365 -12.26834 0.1166931 -0.1002462 0.9880959
-13.12307 7.625388 -12.23903 0.11662 -0.1002393 0.9881052
-13.37275 7.625407 -12.20957 0.1165552 -0.1002332 0.9881135
-13.5414 7.625419 -12.18968 0.116516 -0.1002295 0.9881185
-13.78687 7.874316 -12.1355 0.116464 -0.1002246 0.9881251
-13.95231 8.04206 -12.09899 0.1164326 -0.1002216 0.9881291
-14.11939 8.12756 -12.07063 0.1164036 -0.1002189 0.9881328
-14.36771 8.127571 -12.04138 0.1163652 -0.1002153 0.9881377
-14.61599 8.127582 -12.01215 0.1163673 -0.1002121 0.9881377
-14.86542 8.12759 -11.98271 0.1167518 -0.1002093 0.9880927
-15.03251 8.127596 -11.96292 0.1171228 -0.1002076 0.9880489
-15.30203 8.144457 -12.09939 0.1176211 -0.1002053 0.98799
-15.49099 8.161506 -12.24728 0.1179955 -0.100204 0.9879454
-15.67805 8.178378 -12.39358 0.1183352 -0.1002027 0.987905
-15.95737 8.203564 -12.61184 0.1188947 -0.100201 0.987838
-16.14479 8.220455 -12.75814 0.1192676 -0.1002 0.9877931
-16.34019 8.245491 -12.98503 0.1200626 -0.1000946 0.9877075
-16.37037 8.270482 -13.23195 0.1210706 -0.0998977 0.9876044
-16.39118 8.28755 -13.40083 0.1218458 -0.09977675 0.9875212
-16.41177 8.304306 -13.56688 0.122687 -0.09959623 0.9874353
-16.44287 8.329348 -13.81554 0.1238703 -0.09935329 0.987312
-16.47402 8.354139 -14.06234 0.1250105 -0.09907034 0.9871967
-16.48465 8.362521 -14.14594 0.1259232 -0.09885695 0.9871022
-16.48465 8.362521 -14.14594 0.1266802 -0.09867994 0.987023
-16.48465 8.362521 -14.14594 0.1273792 -0.0985165 0.9869494
-16.48465 8.362521 -14.14594 0.128019 -0.09836689 0.9868815
-16.48465 8.362521 -14.14594 0.1286069 -0.09822942 0.9868187
-16.48465 8.362521 -14.14594 0.1291396 -0.09810478 0.9867616
-16.48465 8.362521 -14.14594 0.1296383 -0.09798813 0.9867077
-16.48465 8.362521 -14.14594 0.1302906 -0.09783553 0.986637
-16.48465 8.362521 -14.14594 0.1306815 -0.09774408 0.9865944
-16.48465 8.362521 -14.14594 0.1312087 -0.09762074 0.9865366
-16.48465 8.362521 -14.14594 0.131527 -0.09754625 0.9865016
-16.48465 8.362521 -14.14594 0.1318222 -0.09747719 0.986469
-16.48465 8.362521 -14.14594 0.132093 -0.09741382 0.986439
-16.48465 8.362521 -14.14594 0.132339 -0.09735624 0.9864118
-16.48465 8.362521 -14.14594 0.1326694 -0.09727892 0.986375
-16.48465 8.362521 -14.14594 0.1328677 -0.09723253 0.9863529
-16.48465 8.362521 -14.14594 0.1331343 -0.09717016 0.9863231
-16.48465 8.362521 -14.14594 0.1332947 -0.0971326 0.9863051
-16.48465 8.362521 -14.14594 0.1335097 -0.09708226 0.986281
-16.48465 8.362521 -14.14594 0.1336978 -0.09703824 0.9862598
-16.48465 8.362521 -14.14594 0.1338124 -0.0970114 0.9862469
-16.48465 8.362521 -14.14594 0.1339169 -0.09698695 0.9862351
-16.48465 8.362521 -14.14594 0.134057 -0.09695416 0.9862193
-16.48465 8.362521 -14.14594 0.1341418 -0.09693429 0.9862098
-16.48465 8.362521 -14.14594 0.1342541 -0.09690801 0.9861971
-16.48465 8.362521 -14.14594 0.1343226 -0.09689197 0.9861893
-16.48465 8.362521 -14.14594 0.1343849 -0.09687738 0.9861823
-16.48465 8.362521 -14.14594 0.1344681 -0.09685791 0.9861729
-16.48465 8.362521 -14.14594 0.1345416 -0.09684069 0.9861645
-16.48465 8.362521 -14.14594 0.134606 -0.09682562 0.9861572
-16.48465 8.362521 -14.14594 0.1346453 -0.09681642 0.9861527
-16.48465 8.362521 -14.14594 0.134681 -0.09680808 0.9861487
-16.48465 8.362521 -14.14594 0.1347134 -0.09680047 0.986145
-16.48465 8.362521 -14.14594 0.1347572 -0.09679022 0.98614
-16.48465 8.362521 -14.14594 0.1347839 -0.09678398 0.986137
-16.48465 8.362521 -14.14594 0.1348192 -0.0967757 0.986133
-16.48465 8.362521 -14.14594 0.1348408 -0.09677065 0.9861305
-16.48465 8.362521 -14.14594 0.1348604 -0.09676606 0.9861283
-16.48465 8.362521 -14.14594 0.1348867 -0.09675992 0.9861253
-16.48465 8.362521 -14.14594 0.1349097 -0.09675451 0.9861227
-16.48465 8.362521 -14.14594 0.1349237 -0.09675124 0.9861211
-16.48465 8.362521 -14.14594 0.1349423 -0.09674689 0.986119
-16.48465 8.362521 -14.14594 0.1349586 -0.09674307 0.9861171
-16.48465 8.362521 -14.14594 0.134973 -0.0967397 0.9861155
-16.48465 8.362521 -14.14594 0.1349818 -0.0967376 0.9861145
-16.48465 8.362521 -14.14594 0.1349897 -0.09673574 0.9861135
-16.48465 8.362521 -14.14594 0.1350005 -0.09673324 0.9861124
-16.48465 8.362521 -14.14594 0.135007 -0.09673174 0.9861116
-16.48465 8.362521 -14.14594 0.1350156 -0.09672973 0.9861106
-16.48465 8.362521 -14.14594 0.1350208 -0.09672851 0.98611
-16.48465 8.362521 -14.14594 0.1350277 -0.09672689 0.9861093
-16.48465 8.362521 -14.14594 0.1350319 -0.0967259 0.9861088
-16.48465 8.362521 -14.14594 0.1350358 -0.096725 0.9861083
-16.48465 8.362521 -14.14594 0.1350393 -0.09672417 0.9861079
-16.48465 8.362521 -14.14594 0.135044 -0.09672306 0.9861073
-16.48465 8.362521 -14.14594 0.1350482 -0.0967221 0.9861069
-16.48465 8.362521 -14.14594 0.1350507 -0.09672152 0.9861066
-16.48465 8.362521 -14.14594 0.1350541 -0.09672074 0.9861062
-16.48465 8.362521 -14.14594 0.1350561 -0.09672026 0.986106
-16.48465 8.362521 -14.14594 0.135058 -0.09671982 0.9861058
-16.48465 8.362521 -14.14594 0.1350597 -0.09671941 0.9861056
-16.48465 8.362521 -14.14594 0.1350619 -0.09671889 0.9861053
-16.48465 8.362521 -14.14594 0.1350635 -0.09671851 0.9861051
-16.48465 8.362521 -14.14594 0.1350647 -0.09671822 0.986105
-16.48465 8.362521 -14.14594 0.1350659 -0.09671795 0.9861049
-16.48465 8.362521 -14.14594 0.1350669 -0.09671771 0.9861048
-16.48465 8.362521 -14.14594 0.1350684 -0.09671736 0.9861046
-16.48465 8.362521 -14.14594 0.1350692 -0.09671716 0.9861045
-16.48465 8.362521 -14.14594 0.1351062 -0.0967169 0.9860995
-16.48465 8.362521 -14.14594 0.1353514 -0.09664586 0.9860728
-16.48465 8.362521 -14.14594 0.1356129 -0.09658012 0.9860433
-16.48465 8.362521 -14.14594 0.1359628 -0.09649219 0.9860038
-16.48465 8.362521 -14.14594 0.1362723 -0.0964144 0.9859686
-16.48465 8.362521 -14.14594 0.159501 -0.1124766 0.9807693
-16.48465 8.362521 -14.14594 0.1608641 -0.1126686 0.9805246
-16.48465 8.362521 -14.14594 0.1616832 -0.1127841 0.9803766
-16.48465 8.362521 -14.14594 0.1629514 -0.1130091 0.9801407
-16.48465 8.362521 -14.14594 0.1640273 -0.1132412 0.9799344
-16.56681 8.362522 -14.13204 0.1658277 -0.1136524 0.9795837
-16.73127 8.362524 -14.10403 0.1670678 -0.113899 0.9793444
-16.97764 8.362527 -14.06171 0.1687387 -0.1142313 0.9790191
-17.14468 8.362529 -14.03278 0.1697563 -0.1144338 0.9788195
-17.39095 8.362532 -13.98983 0.1711043 -0.114702 0.9785534
-17.55808 8.362534 -13.9605 0.171926 -0.1148656 0.9783902
-17.72543 8.362535 -13.93101 0.1725703 -0.1151254 0.9782462
-17.97161 8.362538 -13.88745 0.173267 -0.1156224 0.9780644
-18.13725 8.36254 -13.85805 0.1736882 -0.1159229 0.9779541
-18.30472 8.362542 -13.82826 0.1740789 -0.1162017 0.9778516
-18.55202 8.362545 -13.78414 0.1745969 -0.1165714 0.9777153
-18.79811 8.362548 -13.74011 0.1750503 -0.116895 0.9775955
-18.96371 8.36255 -13.71038 0.1757121 -0.1171268 0.977449
-19.1308 8.362552 -13.68014 0.177314 -0.1174131 0.9771253
-19.29475 8.362554 -13.65008 0.1798401 -0.1177423 0.9766239
-19.45991 8.362557 -13.61907 0.1845205 -0.1180818 0.9757094
-19.70682 8.362567 -13.57061 0.194858 -0.1186431 0.9736294
-19.8701 8.362576 -13.53689 0.2028653 -0.1189771 0.9719517
-20.03426 8.362586 -13.50151 0.2112971 -0.1193571 0.9701069
-20.27811 8.362606 -13.44627 0.2232315 -0.1198661 0.9673675
-20.44333 8.362621 -13.40712 0.230726 -0.1202134 0.9655642
-20.5258 8.36263 -13.38709 0.2376583 -0.1205673 0.9638371
-20.5258 8.36263 -13.38709 0.2439411 -0.1208886 0.9622259
-20.5258 8.36263 -13.38709 0.2496458 -0.1211809 0.9607248
-20.5258 8.36263 -13.38709 0.2549808 -0.1214546 0.9592881
-20.5258 8.36263 -13.38709 0.2598629 -0.1217055 0.9579452
-20.5258 8.36263 -13.38709 0.2643216 -0.1219349 0.9566953
-20.5258 8.36263 -13.38709 0.2684143 -0.1221457 0.9555283
-20.5258 8.36263 -13.38709 0.2738162 -0.1224243 0.9539586
-20.5258 8.36263 -13.38709 0.2770483 -0.1225912 0.9530035
-20.5258 8.36263 -13.38709 0.2800144 -0.1227445 0.9521165
-20.5258 8.36263 -13.38709 0.2840107 -0.1229512 0.9509053
-20.5258 8.36263 -13.38709 0.2875395 -0.123134 0.9498205
