6.396152 -0.1800001 -1.77 -0.8660254 0.5000001 -8.940697E-08
6.391207 -0.1800001 -1.996653 -0.8652012 0.5 0.03777532
6.376379 -0.1800001 -2.222875 -0.8627298 0.5000001 0.07547892
6.351699 -0.1800001 -2.448234 -0.8586165 0.4999999 0.113039
6.317211 -0.1800005 -2.672302 -0.8528685 0.5000001 0.1503835
6.272983 -0.1800001 -2.894653 -0.8454971 0.5000001 0.187442
6.219098 -0.1800001 -3.114863 -0.8365164 0.5 0.2241438
6.155659 -0.1800005 -3.332513 -0.8259431 0.5 0.260419
6.082787 -0.1800001 -3.547188 -0.8137977 0.4999999 0.2961981
6.000619 -0.1800005 -3.758482 -0.8001031 0.5000001 0.3314135
5.909314 -0.1800005 -3.965988 -0.7848858 0.5000001 0.3659977
5.809044 -0.1800001 -4.169316 -0.7681739 0.4999999 0.3998861
5.700001 -0.1800005 -4.368076 -0.7500001 0.5 0.4330125
5.582391 -0.1799998 -4.561891 -0.7303985 0.4999999 0.4653152
5.456439 -0.1800005 -4.750391 -0.7094064 0.5000001 0.4967318
5.322385 -0.1800001 -4.933217 -0.6870642 0.5000001 0.5272028
5.180485 -0.1800005 -5.110022 -0.6634141 0.5000001 0.5566702
5.031006 -0.1799998 -5.280469 -0.638501 0.5 0.5850782
4.874235 -0.1799998 -5.444234 -0.6123726 0.5 0.6123724
4.71047 -0.1800005 -5.601005 -0.5850783 0.5000001 0.6385008
4.540023 -0.1800005 -5.750484 -0.5566704 0.5000001 0.6634139
4.363217 -0.1800001 -5.892385 -0.5272029 0.5 0.6870641
4.180391 -0.1800001 -6.026439 -0.4967318 0.5 0.7094064
3.991891 -0.1800005 -6.15239 -0.4653152 0.5000001 0.7303983
3.798077 -0.1800005 -6.27 -0.4330128 0.5000001 0.7499999
3.599316 -0.1800001 -6.379044 -0.399886 0.5 0.7681739
3.395989 -0.1799998 -6.479313 -0.3659981 0.5 0.7848856
3.188482 -0.1800001 -6.570619 -0.3314136 0.5000001 0.8001031
2.977189 -0.1800005 -6.652786 -0.2961982 0.5000002 0.8137976
2.762513 -0.1799998 -6.725659 -0.2604189 0.5 0.8259431
2.544863 -0.1800001 -6.789098 -0.2241438 0.5 0.8365163
2.324653 -0.1800001 -6.842983 -0.1874422 0.5 0.8454971
2.102302 -0.1800005 -6.887211 -0.1503837 0.5000001 0.8528685
1.878234 -0.1800005 -6.921699 -0.113039 0.5000002 0.8586164
1.652875 -0.1800005 -6.946379 -0.07547913 0.5000002 0.8627298
1.426653 -0.1800005 -6.961207 -0.03777549 0.5000001 0.8652011
1.2 -0.1800005 -6.966152 0 0.5000001 0.8660254
0.9733471 -0.1800005 -6.961207 0.03777549 0.5000001 0.8652011
0.7471254 -0.1800005 -6.946379 0.07547911 0.5000002 0.8627298
0.5217661 -0.1800005 -6.921699 0.113039 0.5000002 0.8586164
0.2976978 -0.1800005 -6.887211 0.1503837 0.5000001 0.8528685
0.07534671 -0.1800001 -6.842983 0.1874422 0.5 0.8454971
-0.1448632 -0.1800001 -6.789098 0.2241439 0.5 0.8365163
-0.3625129 -0.1799998 -6.725659 0.2604188 0.5 0.8259431
-0.577189 -0.1800005 -6.652786 0.2961982 0.5000002 0.8137976
-0.7884815 -0.1800001 -6.570619 0.3314136 0.5000001 0.8001031
-0.9959888 -0.1799998 -6.479313 0.3659981 0.5 0.7848856
-1.199316 -0.1800001 -6.379044 0.399886 0.5 0.7681739
-1.398077 -0.1800005 -6.27 0.4330128 0.5000001 0.7499999
-1.591891 -0.1800005 -6.15239 0.4653152 0.5000001 0.7303983
-1.780391 -0.1800001 -6.026439 0.4967318 0.5 0.7094065
-1.963217 -0.1800001 -5.892385 0.5272028 0.5 0.6870642
-2.140023 -0.1800005 -5.750484 0.5566704 0.5000001 0.6634139
-2.31047 -0.1800005 -5.601005 0.5850783 0.5000001 0.6385008
-2.474235 -0.1799998 -5.444234 0.6123725 0.4999999 0.6123725
-2.631006 -0.1799998 -5.280469 0.6385009 0.5 0.5850782
-2.780484 -0.1800005 -5.110022 0.6634141 0.5000001 0.5566702
-2.922385 -0.1800001 -4.933217 0.6870642 0.5000001 0.5272028
-3.056439 -0.1800005 -4.750391 0.7094064 0.5000001 0.4967318
-3.18239 -0.1799998 -4.561891 0.7303984 0.5 0.4653152
-3.3 -0.1800005 -4.368076 0.75 0.5000001 0.4330126
-3.409044 -0.1800001 -4.169316 0.7681739 0.5 0.3998861
-3.509314 -0.1800005 -3.965988 0.7848858 0.5000001 0.3659977
-3.600619 -0.1800005 -3.758482 0.8001031 0.5000001 0.3314135
-3.682786 -0.1800001 -3.547188 0.8137977 0.5 0.2961981
-3.755659 -0.1800005 -3.332513 0.8259431 0.5 0.260419
-3.819098 -0.1800001 -3.114863 0.8365164 0.5 0.2241438
-3.872982 -0.1800001 -2.894653 0.8454971 0.5000001 0.187442
-3.917211 -0.1800005 -2.672302 0.8528685 0.5000001 0.1503835
-3.951699 -0.1800001 -2.448234 0.8586165 0.5 0.113039
-3.976379 -0.1800001 -2.222875 0.8627298 0.5000001 0.07547892
-3.991207 -0.1800001 -1.996653 0.8652012 0.5 0.03777532
-3.996152 -0.1800001 -1.77 0.8660254 0.5000001 -8.940697E-08
-4.122065 0.04950833 -1.77 0.8870108 0.4617486 3.72529E-09
-4.237847 0.2842903 -1.77 0.9063078 0.4226182 -7.450581E-09
-4.343277 0.5238993 -1.769999 0.9238795 0.3826834 -9.685755E-08
-4.438156 0.767879 -1.769999 0.9396926 0.3420202 -2.998858E-07
-4.522302 1.015765 -1.77 0.953717 0.3007058 -7.636845E-08
-4.595555 1.267086 -1.77 0.9659259 0.258819 -1.117587E-07
-4.657776 1.521362 -1.77 0.9762959 0.2164396 -3.352761E-08
-4.708847 1.778111 -1.77 0.9848078 0.1736482 -1.662411E-07
-4.74867 2.036843 -1.77 0.9914449 0.1305262 1.583249E-08
-4.743008 2.036843 -2.029477 0.9905013 0.1305262 0.04324621
-4.726033 2.036843 -2.28846 0.9876722 0.1305262 0.0864099
-4.697778 2.036843 -2.546457 0.982963 0.1305262 0.1294094
-4.658296 2.036843 -2.802976 0.9763826 0.1305262 0.1721628
-4.607662 2.036843 -3.057528 0.9679437 0.1305262 0.214588
-4.545973 2.036843 -3.309628 0.9576622 0.1305262 0.2566046
-4.473347 2.036843 -3.558798 0.9455578 0.1305262 0.2981331
-4.389921 2.036843 -3.804564 0.9316535 0.1305262 0.339094
-4.295854 2.036843 -4.046457 0.9159756 0.1305262 0.3794095
-4.191325 2.036843 -4.284015 0.8985543 0.1305262 0.4190026
-4.076534 2.036843 -4.516789 0.8794224 0.1305262 0.4577982
-3.951699 2.036843 -4.744334 0.8586165 0.1305262 0.4957222
-3.817056 2.036843 -4.966218 0.8361761 0.1305262 0.5327029
-3.672865 2.036843 -5.182016 0.8121441 0.1305262 0.5686694
-3.519397 2.036843 -5.39132 0.7865661 0.1305262 0.6035534
-3.356945 2.036843 -5.593731 0.7594908 0.1305262 0.6372885
-3.185819 2.036843 -5.788863 0.7309698 0.1305262 0.6698105
-3.006345 2.036843 -5.976344 0.7010574 0.1305262 0.7010574
-2.818863 2.036843 -6.155818 0.6698105 0.1305262 0.7309697
-2.623731 2.036843 -6.326945 0.6372885 0.1305262 0.7594908
-2.42132 2.036843 -6.489397 0.6035535 0.1305262 0.7865661
-2.212017 2.036843 -6.642865 0.5686694 0.1305262 0.8121441
-1.996218 2.036843 -6.787056 0.532703 0.1305262 0.8361761
-1.774335 2.036843 -6.921699 0.4957227 0.1305262 0.8586163
-1.54679 2.036843 -7.046534 0.4577983 0.1305262 0.8794223
-1.314016 2.036843 -7.161325 0.4190027 0.1305262 0.8985542
-1.076458 2.036843 -7.265853 0.3794096 0.1305263 0.9159756
-0.8345647 2.036843 -7.359921 0.3390942 0.1305262 0.9316534
-0.5887992 2.036843 -7.443347 0.2981333 0.1305263 0.9455577
-0.3396289 2.036843 -7.515973 0.2566048 0.1305262 0.9576622
-0.08752775 2.036843 -7.577662 0.214588 0.1305262 0.9679437
0.1670245 2.036843 -7.628295 0.1721626 0.1305262 0.9763826
0.4235429 2.036843 -7.667778 0.1294096 0.1305262 0.9829629
0.6815394 2.036843 -7.696033 0.08641012 0.1305262 0.9876721
0.9405227 2.036843 -7.713007 0.04324622 0.1305262 0.9905012
1.2 2.036843 -7.718669 0 0.1305262 0.9914449
1.459477 2.036843 -7.713007 -0.04324623 0.1305262 0.9905012
1.718461 2.036843 -7.696033 -0.08641014 0.1305262 0.9876721
1.976457 2.036843 -7.667778 -0.1294096 0.1305262 0.9829629
2.232975 2.036843 -7.628295 -0.1721626 0.1305262 0.9763826
2.487528 2.036843 -7.577662 -0.214588 0.1305262 0.9679437
2.739629 2.036843 -7.515973 -0.2566048 0.1305262 0.9576622
2.988799 2.036843 -7.443347 -0.2981333 0.1305263 0.9455577
3.234565 2.036843 -7.359921 -0.3390942 0.1305262 0.9316534
3.476458 2.036843 -7.265853 -0.3794096 0.1305263 0.9159756
3.714016 2.036843 -7.161325 -0.4190027 0.1305262 0.8985542
3.94679 2.036843 -7.046534 -0.4577983 0.1305262 0.8794223
4.174335 2.036843 -6.921699 -0.4957227 0.1305262 0.8586163
4.396218 2.036843 -6.787056 -0.5327031 0.1305262 0.836176
4.612017 2.036843 -6.642865 -0.5686694 0.1305262 0.8121441
4.821321 2.036843 -6.489397 -0.6035534 0.1305262 0.7865661
5.023731 2.036843 -6.326945 -0.6372885 0.1305262 0.7594908
5.218863 2.036843 -6.155818 -0.6698106 0.1305262 0.7309697
5.406344 2.036843 -5.976344 -0.7010574 0.1305262 0.7010574
5.585819 2.036843 -5.788863 -0.7309698 0.1305262 0.6698105
5.756945 2.036843 -5.593731 -0.7594908 0.1305262 0.6372885
5.919396 2.036843 -5.39132 -0.7865661 0.1305262 0.6035534
6.072865 2.036843 -5.182016 -0.8121441 0.1305262 0.5686694
6.217056 2.036843 -4.966218 -0.8361761 0.1305262 0.5327029
6.351699 2.036843 -4.744334 -0.8586165 0.1305262 0.4957222
6.476534 2.036843 -4.516789 -0.8794224 0.1305262 0.4577982
6.591325 2.036843 -4.284015 -0.8985543 0.1305262 0.4190026
6.695854 2.036843 -4.046457 -0.9159756 0.1305262 0.3794096
6.789921 2.036843 -3.804564 -0.9316535 0.1305262 0.339094
6.873346 2.036843 -3.558798 -0.9455578 0.1305262 0.2981331
6.945973 2.036843 -3.309628 -0.9576622 0.1305262 0.2566046
7.007662 2.036843 -3.057528 -0.9679437 0.1305262 0.214588
7.058295 2.036843 -2.802976 -0.9763826 0.1305262 0.1721628
7.097777 2.036843 -2.546457 -0.982963 0.1305262 0.1294094
7.126033 2.036843 -2.28846 -0.9876722 0.1305262 0.0864099
7.143007 2.036843 -2.029477 -0.9905013 0.1305262 0.04324621
7.148669 2.036843 -1.77 -0.9914449 0.1305262 1.583249E-08
7.177168 2.297065 -1.77 -0.9961947 0.08715574 -1.094304E-08
7.194289 2.558284 -1.77 -0.9990482 0.04361939 -5.762558E-09
7.2 2.82 -1.769999 -1 0 -1.192093E-07
7.194289 3.081716 -1.77 -0.9990482 -0.04361939 -5.762558E-09
7.177168 3.342934 -1.77 -0.9961947 -0.08715574 -1.094304E-08
7.148669 3.603157 -1.77 -0.9914449 -0.1305262 1.583249E-08
7.108847 3.861889 -1.77 -0.9848078 -0.1736482 -1.662411E-07
7.057776 4.118638 -1.77 -0.976296 -0.2164396 -2.8871E-08
6.995555 4.372914 -1.77 -0.9659259 -0.258819 5.587935E-09
6.990039 4.372914 -2.022799 -0.9650065 -0.2588191 0.04213291
6.973501 4.372914 -2.275116 -0.9622502 -0.258819 0.08418608
6.945973 4.372914 -2.526472 -0.9576622 -0.258819 0.1260787
6.907508 4.372914 -2.776388 -0.9512513 -0.258819 0.1677313
6.858177 4.372914 -3.024387 -0.9430296 -0.2588191 0.2090642
6.798077 4.372914 -3.27 -0.9330127 -0.258819 0.2499999
6.72732 4.372914 -3.512756 -0.9212199 -0.258819 0.2904593
6.646041 4.372914 -3.752196 -0.9076735 -0.258819 0.3303659
6.554395 4.372914 -3.987863 -0.8923992 -0.258819 0.3696437
6.452557 4.372914 -4.219307 -0.8754262 -0.2588191 0.4082178
6.34072 4.372914 -4.446089 -0.8567867 -0.258819 0.4460148
6.219098 4.372914 -4.667777 -0.8365164 -0.258819 0.4829628
6.087921 4.372914 -4.883949 -0.8146536 -0.2588191 0.5189915
5.947441 4.372914 -5.094193 -0.7912402 -0.258819 0.5540321
5.797923 4.372914 -5.29811 -0.7663206 -0.2588191 0.5880183
5.639653 4.372914 -5.495311 -0.7399422 -0.258819 0.6208851
5.472932 4.372914 -5.68542 -0.7121552 -0.2588191 0.6525701
5.298077 4.372914 -5.868076 -0.6830128 -0.2588191 0.6830126
5.11542 4.372914 -6.042931 -0.6525701 -0.2588191 0.7121552
4.925311 4.372914 -6.209653 -0.6208851 -0.258819 0.7399421
4.72811 4.372914 -6.367923 -0.5880184 -0.258819 0.7663205
4.524194 4.372914 -6.51744 -0.5540324 -0.2588191 0.79124
4.31395 4.372914 -6.657921 -0.5189916 -0.2588191 0.8146536
4.097777 4.372914 -6.789098 -0.4829629 -0.258819 0.8365163
3.87609 4.372914 -6.91072 -0.446015 -0.2588191 0.8567866
3.649308 4.372914 -7.022556 -0.408218 -0.2588191 0.8754261
3.417863 4.372914 -7.124394 -0.3696438 -0.2588191 0.8923991
3.182197 4.372914 -7.21604 -0.3303662 -0.2588191 0.9076733
2.942757 4.372914 -7.297319 -0.2904595 -0.2588191 0.9212198
2.7 4.372914 -7.368076 -0.2500001 -0.258819 0.9330127
2.454388 4.372914 -7.428177 -0.2090647 -0.2588191 0.9430295
2.206388 4.372914 -7.477507 -0.1677312 -0.2588191 0.9512513
1.956472 4.372914 -7.515973 -0.1260787 -0.2588191 0.9576622
1.705116 4.372914 -7.543501 -0.084186 -0.2588191 0.9622502
1.452799 4.372914 -7.560039 -0.04213309 -0.2588191 0.9650065
1.2 4.372914 -7.565555 0 -0.2588191 0.9659258
0.9472015 4.372914 -7.560039 0.04213309 -0.2588191 0.9650065
0.6948841 4.372914 -7.543501 0.084186 -0.2588191 0.9622502
0.4435282 4.372914 -7.515973 0.1260787 -0.2588191 0.9576622
0.1936126 4.372914 -7.477507 0.1677312 -0.2588191 0.9512513
-0.05438781 4.372914 -7.428177 0.2090647 -0.2588191 0.9430295
-0.3000002 4.372914 -7.368076 0.2500001 -0.258819 0.9330127
-0.542757 4.372914 -7.297319 0.2904595 -0.2588191 0.9212198
-0.7821964 4.372914 -7.21604 0.3303661 -0.2588191 0.9076734
-1.017863 4.372914 -7.124394 0.3696438 -0.2588191 0.8923991
-1.249308 4.372914 -7.022556 0.408218 -0.2588191 0.8754261
-1.476089 4.372914 -6.91072 0.446015 -0.2588191 0.8567866
-1.697778 4.372914 -6.789098 0.4829629 -0.258819 0.8365163
-1.91395 4.372914 -6.657921 0.5189916 -0.258819 0.8146536
-2.124194 4.372914 -6.51744 0.5540324 -0.2588191 0.79124
-2.32811 4.372914 -6.367923 0.5880184 -0.2588191 0.7663205
-2.525311 4.372914 -6.209653 0.6208851 -0.258819 0.7399422
-2.71542 4.372914 -6.042931 0.6525701 -0.2588191 0.7121552
-2.898077 4.372914 -5.868076 0.6830128 -0.2588191 0.6830126
-3.072932 4.372914 -5.68542 0.7121552 -0.2588191 0.65257
-3.239653 4.372914 -5.495311 0.7399422 -0.2588191 0.6208851
-3.397923 4.372914 -5.29811 0.7663206 -0.2588191 0.5880183
-3.547441 4.372914 -5.094193 0.7912402 -0.2588191 0.5540321
-3.687921 4.372914 -4.883949 0.8146536 -0.2588191 0.5189915
-3.819098 4.372914 -4.667777 0.8365164 -0.258819 0.4829628
-3.94072 4.372914 -4.446089 0.8567867 -0.258819 0.4460148
-4.052557 4.372914 -4.219307 0.8754262 -0.2588191 0.4082178
-4.154395 4.372914 -3.987863 0.8923992 -0.258819 0.3696437
-4.24604 4.372914 -3.752196 0.9076735 -0.2588191 0.3303659
-4.327319 4.372914 -3.512756 0.9212199 -0.2588191 0.2904594
-4.398076 4.372914 -3.27 0.9330127 -0.2588191 0.2499999
-4.458178 4.372914 -3.024387 0.9430296 -0.2588191 0.2090642
-4.507507 4.372914 -2.776388 0.9512513 -0.2588191 0.1677313
-4.545974 4.372914 -2.526472 0.9576622 -0.258819 0.1260787
-4.573501 4.372914 -2.275116 0.9622502 -0.2588191 0.08418607
-4.590039 4.372914 -2.022799 0.9650065 -0.2588191 0.04213291
-4.595555 4.372914 -1.77 0.9659259 -0.258819 5.587935E-09
-4.522302 4.624235 -1.77 0.953717 -0.3007058 -7.636845E-08
-4.438156 4.872121 -1.769999 0.9396926 -0.3420202 -2.998858E-07
-4.343277 5.1161 -1.769999 0.9238796 -0.3826834 -9.685755E-08
-4.237847 5.35571 -1.77 0.9063078 -0.4226182 -7.450581E-09
-4.122065 5.590491 -1.77 0.8870108 -0.4617486 1.117587E-08
-3.996152 5.82 -1.77 0.8660254 -0.5 -7.450581E-08
-3.860348 6.043797 -1.769999 0.8433914 -0.5372997 -1.117587E-07
-3.714912 6.261458 -1.77 0.8191521 -0.5735763 5.215406E-08
-3.56012 6.472569 -1.769999 0.7933533 -0.6087615 -1.117587E-07
-3.555589 6.472569 -1.977634 0.7925982 -0.6087615 0.03460561
-3.542007 6.472569 -2.184872 0.7903344 -0.6087614 0.06914519
-3.519397 6.472569 -2.391321 0.7865661 -0.6087615 0.1035534
-3.487803 6.472569 -2.596586 0.7813005 -0.6087614 0.1377644
-3.447286 6.472569 -2.800279 0.7745477 -0.6087614 0.1717131
-3.397923 6.472569 -3.002009 0.7663205 -0.6087614 0.2053348
-3.339807 6.472569 -3.201396 0.7566345 -0.6087615 0.2385659
-3.27305 6.472569 -3.398057 0.7455084 -0.6087614 0.2713428
-3.197778 6.472569 -3.591619 0.732963 -0.6087614 0.3036032
-3.114135 6.472569 -3.781713 0.7190225 -0.6087614 0.3352853
-3.022279 6.472569 -3.967979 0.7037131 -0.6087614 0.3663297
-2.922385 6.472569 -4.15006 0.6870642 -0.6087614 0.3966767
-2.814645 6.472569 -4.32761 0.6691075 -0.6087615 0.4262683
-2.699262 6.472569 -4.500293 0.649877 -0.6087614 0.4550489
-2.576457 6.472569 -4.667778 0.6294096 -0.6087614 0.482963
-2.446463 6.472569 -4.829746 0.6077439 -0.6087615 0.5099577
-2.309529 6.472569 -4.985891 0.5849215 -0.6087614 0.5359817
-2.165914 6.472569 -5.135913 0.5609857 -0.6087615 0.5609853
-2.015891 6.472569 -5.279529 0.5359818 -0.6087615 0.5849214
-1.859746 6.472569 -5.416463 0.5099578 -0.6087615 0.6077437
-1.697778 6.472569 -5.546457 0.4829629 -0.6087614 0.6294096
-1.530293 6.472569 -5.669262 0.4550488 -0.6087614 0.649877
-1.35761 6.472569 -5.784645 0.4262685 -0.6087615 0.6691074
-1.18006 6.472569 -5.892385 0.3966767 -0.6087614 0.6870642
-0.9979787 6.472569 -5.992278 0.3663298 -0.6087614 0.703713
-0.8117137 6.472569 -6.084134 0.3352857 -0.6087614 0.7190223
-0.6216192 6.472569 -6.167778 0.3036032 -0.6087614 0.732963
-0.428057 6.472569 -6.24305 0.2713429 -0.6087615 0.7455082
-0.2313958 6.472569 -6.309807 0.238566 -0.6087616 0.7566344
-0.03200972 6.472569 -6.367923 0.205335 -0.6087614 0.7663205
0.1697214 6.472569 -6.417286 0.1717131 -0.6087615 0.7745476
0.3734139 6.472569 -6.457803 0.1377643 -0.6087614 0.7813005
0.5786797 6.472569 -6.489397 0.1035534 -0.6087614 0.7865661
0.7851282 6.472569 -6.512006 0.0691453 -0.6087615 0.7903343
0.9923666 6.472569 -6.525589 0.03460559 -0.6087615 0.7925982
1.2 6.472569 -6.53012 0 -0.6087614 0.7933534
1.407634 6.472569 -6.525589 -0.03460559 -0.6087615 0.7925982
1.614872 6.472569 -6.512006 -0.0691453 -0.6087615 0.7903343
1.82132 6.472569 -6.489397 -0.1035534 -0.6087614 0.7865661
2.026586 6.472569 -6.457803 -0.1377643 -0.6087614 0.7813005
2.230279 6.472569 -6.417286 -0.1717131 -0.6087615 0.7745476
2.43201 6.472569 -6.367923 -0.2053349 -0.6087614 0.7663205
2.631396 6.472569 -6.309807 -0.238566 -0.6087616 0.7566344
2.828057 6.472569 -6.24305 -0.2713429 -0.6087615 0.7455082
3.021619 6.472569 -6.167778 -0.3036032 -0.6087614 0.732963
3.211714 6.472569 -6.084134 -0.3352857 -0.6087614 0.7190223
3.397979 6.472569 -5.992278 -0.3663298 -0.6087614 0.703713
3.58006 6.472569 -5.892385 -0.3966767 -0.6087614 0.6870642
3.757611 6.472569 -5.784645 -0.4262685 -0.6087615 0.6691074
3.930293 6.472569 -5.669262 -0.4550488 -0.6087614 0.649877
4.097777 6.472569 -5.546457 -0.4829629 -0.6087615 0.6294096
4.259747 6.472569 -5.416463 -0.5099578 -0.6087615 0.6077437
4.415891 6.472569 -5.279529 -0.5359818 -0.6087615 0.5849214
4.565914 6.472569 -5.135913 -0.5609857 -0.6087615 0.5609853
4.709529 6.472569 -4.985891 -0.5849215 -0.6087614 0.5359817
4.846463 6.472569 -4.829746 -0.6077439 -0.6087615 0.5099577
4.976458 6.472569 -4.667778 -0.6294096 -0.6087614 0.4829628
5.099262 6.472569 -4.500293 -0.649877 -0.6087614 0.4550489
5.214645 6.472569 -4.32761 -0.6691076 -0.6087614 0.4262682
5.322385 6.472569 -4.15006 -0.6870642 -0.6087614 0.3966767
5.422278 6.472569 -3.967979 -0.7037131 -0.6087614 0.3663297
5.514134 6.472569 -3.781713 -0.7190225 -0.6087614 0.3352853
5.597777 6.472569 -3.591619 -0.732963 -0.6087614 0.3036032
5.67305 6.472569 -3.398057 -0.7455084 -0.6087614 0.2713428
5.739807 6.472569 -3.201396 -0.7566345 -0.6087615 0.2385659
5.797923 6.472569 -3.002009 -0.7663205 -0.6087614 0.2053347
5.847286 6.472569 -2.800279 -0.7745477 -0.6087614 0.1717131
5.887803 6.472569 -2.596586 -0.7813005 -0.6087614 0.1377643
5.919396 6.472569 -2.391321 -0.7865661 -0.6087615 0.1035534
5.942007 6.472569 -2.184872 -0.7903345 -0.6087614 0.06914521
5.955589 6.472569 -1.977634 -0.7925982 -0.6087615 0.03460561
5.96012 6.472569 -1.769999 -0.7933533 -0.6087614 -2.682209E-07
5.796267 6.676725 -1.77 -0.7660444 -0.6427876 -2.160668E-07
5.623664 6.873542 -1.769999 -0.7372773 -0.6755903 -1.043081E-07
5.44264 7.062641 -1.769999 -0.7071067 -0.7071069 -2.086163E-07
5.253541 7.243664 -1.77 -0.6755903 -0.7372773 2.980232E-08
5.056726 7.416266 -1.77 -0.6427876 -0.7660445 -1.937151E-07
4.852569 7.58012 -1.769999 -0.6087615 -0.7933533 -2.086162E-07
4.641459 7.734912 -1.769999 -0.5735765 -0.819152 -1.490116E-07
4.423798 7.880349 -1.77 -0.5372995 -0.8433915 -2.384186E-07
4.2 8.016152 -1.77 -0.5 -0.8660254 -4.470348E-08
4.197145 8.016151 -1.900858 -0.4995242 -0.8660253 0.02180958
4.188584 8.016152 -2.031466 -0.4980972 -0.8660254 0.04357752
4.174335 8.016152 -2.161578 -0.4957225 -0.8660254 0.06526309
4.154424 8.016152 -2.290944 -0.4924039 -0.8660254 0.08682397
4.128888 8.016152 -2.419319 -0.488148 -0.8660253 0.1082198
4.097778 8.016152 -2.546456 -0.4829629 -0.8660254 0.1294092
4.061151 8.016152 -2.672117 -0.4768585 -0.8660254 0.1503529
4.019078 8.016152 -2.796061 -0.4698464 -0.8660254 0.1710101
3.971638 8.016152 -2.91805 -0.4619397 -0.8660254 0.1913414
3.918923 8.016152 -3.037854 -0.4531539 -0.8660254 0.211309
3.861032 8.016152 -3.155246 -0.4435054 -0.8660254 0.2308743
3.798076 8.016152 -3.27 -0.4330127 -0.8660254 0.25
3.730175 8.016152 -3.381898 -0.4216958 -0.8660254 0.2686497
3.657456 8.016152 -3.490729 -0.409576 -0.8660255 0.2867881
3.58006 8.016152 -3.596283 -0.3966768 -0.8660254 0.3043806
3.498133 8.016152 -3.698362 -0.3830222 -0.8660255 0.3213936
3.411833 8.016152 -3.79677 -0.3686387 -0.8660254 0.337795
3.321321 8.016152 -3.89132 -0.3535534 -0.8660254 0.3535534
3.226771 8.016152 -3.981832 -0.3377951 -0.8660254 0.3686387
3.128363 8.016152 -4.068133 -0.3213938 -0.8660254 0.3830222
3.026284 8.016152 -4.15006 -0.3043807 -0.8660254 0.3966767
2.920729 8.016152 -4.227456 -0.2867882 -0.8660255 0.4095759
2.811899 8.016152 -4.300174 -0.2686498 -0.8660254 0.4216956
2.7 8.016152 -4.368075 -0.25 -0.8660254 0.4330126
2.585246 8.016152 -4.431032 -0.2308743 -0.8660254 0.4435054
2.467855 8.016152 -4.488923 -0.2113091 -0.8660255 0.4531538
2.34805 8.016152 -4.541638 -0.1913417 -0.8660254 0.4619397
2.22606 8.016152 -4.589078 -0.1710101 -0.8660254 0.4698464
2.102118 8.016152 -4.631151 -0.1503529 -0.8660254 0.4768584
1.976457 8.016152 -4.667777 -0.1294095 -0.8660255 0.4829628
1.849319 8.016152 -4.698888 -0.1082198 -0.8660255 0.4881479
1.720945 8.016152 -4.724423 -0.08682407 -0.8660254 0.4924038
1.591579 8.016152 -4.744334 -0.06526311 -0.8660254 0.4957222
1.461467 8.016153 -4.758584 -0.04357786 -0.8660254 0.4980972
1.330858 8.016152 -4.767144 -0.0218097 -0.8660254 0.499524
1.2 8.016152 -4.77 0 -0.8660254 0.5
1.069142 8.016152 -4.767144 0.0218097 -0.8660254 0.499524
0.9385328 8.016153 -4.758584 0.04357788 -0.8660254 0.4980972
0.8084214 8.016152 -4.744334 0.06526311 -0.8660254 0.4957222
0.6790556 8.016152 -4.724423 0.08682407 -0.8660254 0.4924038
0.5506811 8.016152 -4.698888 0.1082198 -0.8660255 0.4881479
0.4235429 8.016152 -4.667777 0.1294096 -0.8660255 0.4829628
0.2978827 8.016152 -4.631151 0.1503529 -0.8660254 0.4768584
0.1739396 8.016152 -4.589078 0.1710101 -0.8660254 0.4698463
0.05194974 8.016152 -4.541638 0.1913417 -0.8660254 0.4619397
-0.06785488 8.016152 -4.488923 0.2113091 -0.8660255 0.4531538
-0.1852458 8.016152 -4.431032 0.2308743 -0.8660254 0.4435054
-0.2999997 8.016152 -4.368075 0.25 -0.8660254 0.4330126
-0.4118989 8.016152 -4.300174 0.2686498 -0.8660254 0.4216956
-0.5207293 8.016152 -4.227456 0.2867882 -0.8660255 0.4095759
-0.6262842 8.016152 -4.15006 0.3043807 -0.8660254 0.3966766
-0.7283627 8.016152 -4.068133 0.3213938 -0.8660254 0.3830222
-0.8267705 8.016152 -3.981832 0.3377951 -0.8660254 0.3686387
-0.9213207 8.016152 -3.89132 0.3535534 -0.8660254 0.3535534
-1.011832 8.016152 -3.79677 0.3686387 -0.8660254 0.337795
-1.098133 8.016152 -3.698362 0.3830222 -0.8660255 0.3213936
-1.18006 8.016152 -3.596283 0.3966768 -0.8660254 0.3043806
-1.257456 8.016152 -3.490729 0.409576 -0.8660255 0.2867881
-1.330174 8.016152 -3.381898 0.4216958 -0.8660254 0.2686497
-1.398076 8.016152 -3.27 0.4330127 -0.8660254 0.25
-1.461032 8.016152 -3.155246 0.4435054 -0.8660254 0.2308743
-1.518923 8.016152 -3.037854 0.4531539 -0.8660254 0.211309
-1.571638 8.016152 -2.91805 0.4619397 -0.8660254 0.1913414
-1.619078 8.016152 -2.796061 0.4698463 -0.8660254 0.1710101
-1.661151 8.016152 -2.672117 0.4768585 -0.8660254 0.1503529
-1.697778 8.016152 -2.546456 0.4829629 -0.8660254 0.1294092
-1.728888 8.016152 -2.419319 0.4881481 -0.8660254 0.1082199
-1.754423 8.016152 -2.290944 0.4924039 -0.8660254 0.08682388
-1.774335 8.016152 -2.161578 0.4957225 -0.8660253 0.06526297
-1.788584 8.016152 -2.031466 0.4980972 -0.8660254 0.04357764
-1.797145 8.016151 -1.900858 0.4995242 -0.8660253 0.02180961
-1.799999 8.016152 -1.77 0.4999999 -0.8660254 -2.086162E-07
-1.570491 8.142065 -1.77 0.4617486 -0.8870108 0
-1.335709 8.257847 -1.769999 0.4226182 -0.9063078 -1.490116E-07
-1.096101 8.363276 -1.769999 0.3826835 -0.9238795 -2.384186E-07
-0.8521209 8.458156 -1.77 0.3420202 -0.9396926 -2.384186E-07
-0.6042345 8.542301 -1.769999 0.3007058 -0.9537169 -2.086162E-07
-0.3529143 8.615555 -1.769999 0.2588192 -0.9659258 -8.940698E-08
-0.0986383 8.677776 -1.77 0.2164398 -0.9762959 2.980232E-08
